_H:	$Name	%Input[2:0,0]<2:25,1>	%Input[2:1,0]	%Input[2:2,0]	%Input[2:3,0]	%Input[2:4,0]	%Input[2:5,0]	%Input[2:6,0]	%Input[2:7,0]	%Input[2:8,0]	%Input[2:9,0]	%Input[2:10,0]	%Input[2:11,0]	%Input[2:12,0]	%Input[2:13,0]	%Input[2:14,0]	%Input[2:15,0]	%Input[2:16,0]	%Input[2:17,0]	%Input[2:18,0]	%Input[2:19,0]	%Input[2:20,0]	%Input[2:21,0]	%Input[2:22,0]	%Input[2:23,0]	%Input[2:24,0]	%Output[2:0,0]<2:1,1>
_D:	"N120_20141016_233000_20141016_235000"	0.979167	0.789041	0	0	0	1	0	0	0	0	0	0.624242	0	0	0	0	0	0	0	1	0	0	0	0	0	0.0214375
_D:	"N120_20141016_223000_20141016_225000"	0.9375	0.789041	0	0	0	1	0	0	0	0	0	0.593939	0	0	0	0	0	0	0	0	0	0	0	0	0	0.194063
_D:	"N120_20141016_220000_20141016_222000"	0.916667	0.789041	0	0	0	1	0	0	0	0	0	0.593939	0	0	0	0	0	0	0	0	0	0	0	0	0	0.264562
_D:	"N120_20141016_213000_20141016_215000"	0.895833	0.789041	0	0	0	1	0	0	0	0	0	0.563636	0	0	0	0	0	0	0	0	0	0	0	0	0	0.04325
_D:	"N120_20141016_210000_20141016_212000"	0.875	0.789041	0	0	0	1	0	0	0	0	0	0.533333	0	0	0	0	0	0	0	0	0	0	0	0	0	0.0341875
_D:	"N120_20141016_203000_20141016_205000"	0.854167	0.789041	0	0	0	1	0	0	0	0	0	0.533333	0	0	0	0	0	0	0	0	0	0	0	0	0	0.018875
_D:	"N120_20141016_200000_20141016_202000"	0.833333	0.789041	0	0	0	1	0	0	0	0	0	0.50303	0	0	0	0	0	0	0	0	0	0	0	0	0	0.332
_D:	"N120_20141016_193000_20141016_195000"	0.8125	0.789041	0	0	0	1	0	0	0	0	0	0.50303	0	0	0	0	0	0	0	0	0	0	0	0	0	0.336969
_D:	"N120_20141016_190000_20141016_192000"	0.791667	0.789041	0	0	0	1	0	0	0	0	0	0.50303	0	0	0	0	0	0	0	0	0	0	0	0	0	0.126219
_D:	"N120_20141016_183000_20141016_185000"	0.770833	0.789041	0	0	0	1	0	0	0	0	0	0.472727	0	0	0	0	0	0	0	0	0	0	0	0	0	0.0249688
_D:	"N120_20141016_180000_20141016_182000"	0.75	0.789041	0	0	0	1	0	0	0	0	0	0.472727	0	0	0	0	0	0	0	0	0	0	0	0	0	0.112562
_D:	"N120_20141016_173000_20141016_175000"	0.729167	0.789041	0	0	0	1	0	0	0	0	0	0.442424	0	0	0	0	0	0	0	0	0	0	0	0	0	0.0185625
_D:	"N120_20141016_170000_20141016_172000"	0.708333	0.789041	0	0	0	1	0	0	0	0	0	0.442424	0	0	0	0	0	0	0	0	0	0	0	0	0	0.0175
_D:	"N120_20141016_163000_20141016_165000"	0.6875	0.789041	0	0	0	1	0	0	0	0	0	0.442424	0	0	0	0	0	0	0	0	0	0	0	0	0	0.0156875
_D:	"N120_20141016_160000_20141016_162000"	0.666667	0.789041	0	0	0	1	0	0	0	0	0	0.412121	0	0	0	0	0	0	0	0	0	0	0	0	0	0.0146563
_D:	"N120_20141016_153000_20141016_155000"	0.645833	0.789041	0	0	0	1	0	0	0	0	0	0.412121	0	0	0	0	0	0	0	0	0	0	0	0	0	0.0127813
_D:	"N120_20141016_150000_20141016_152000"	0.625	0.789041	0	0	0	1	0	0	0	0	0	0.412121	0	0	0	0	0	0	0	0	0	0	0	0	0	0.0119063
_D:	"N120_20141016_143000_20141016_145000"	0.604167	0.789041	0	0	0	1	0	0	0	0	0	0.412121	0	0	0	0	0	0	0	0	0	0	0	0	0	0.0118438
_D:	"N120_20141016_140000_20141016_142000"	0.583333	0.789041	0	0	0	1	0	0	0	0	0	0.412121	0	0	0	0	0	0	0	0	0	0	0	0	0	0.0156562
_D:	"N120_20141016_133000_20141016_135000"	0.5625	0.789041	0	0	0	1	0	0	0	0	0	0.412121	0	0	0	0	0	0	0	0	0	0	0	0	0	0.0148125
_D:	"N120_20141016_130000_20141016_132000"	0.541667	0.789041	0	0	0	1	0	0	0	0	0	0.442424	0	0	0	0	0	0	0	0	0	0	0	0	0	0.01675
_D:	"N120_20141016_123000_20141016_125000"	0.520833	0.789041	0	0	0	1	0	0	0	0	0	0.442424	0	0	0	0	0	0	0	0	0	0	0	0	0	0.0186563
_D:	"N120_20141016_120000_20141016_122000"	0.5	0.789041	0	0	0	1	0	0	0	0	0	0.472727	0	0	0	0	0	0	0	0	0	0	0	0	0	0.0199375
_D:	"N120_20141016_113000_20141016_115000"	0.479167	0.789041	0	0	0	1	0	0	0	0	0	0.442424	0	0	0	0	0	0	0	0	0	0	0	0	0	0.0208437
_D:	"N120_20141016_103000_20141016_105000"	0.4375	0.789041	0	0	0	1	0	0	0	0	0	0.472727	0	0	1	0	0	0	0	0	0	0	0	0	0	0.0719375
_D:	"N120_20141016_100000_20141016_102000"	0.416667	0.789041	0	0	0	1	0	0	0	0	0	0.472727	0	0	1	0	0	0	0	0	0	0	0	0	0	0.110688
_D:	"N120_20141016_093000_20141016_095000"	0.395833	0.789041	0	0	0	1	0	0	0	0	0	0.472727	0	0	1	0	0	0	0	0	0	0	0	0	0	0.0430312
_D:	"N120_20141016_090000_20141016_092000"	0.375	0.789041	0	0	0	1	0	0	0	0	0	0.472727	0	0	1	0	0	0	0	0	0	0	0	0	0	0.0844688
_D:	"N120_20141016_083000_20141016_085000"	0.354167	0.789041	0	0	0	1	0	0	0	0	0	0.472727	0	0	1	0	0	0	0	0	0	0	0	0	0	0.0828438
_D:	"N120_20141016_080000_20141016_082000"	0.333333	0.789041	0	0	0	1	0	0	0	0	0	0.50303	0	0	1	0	0	0	0	0	0	0	0	0	0	0.0706875
_D:	"N120_20141016_073000_20141016_075000"	0.3125	0.789041	0	0	0	1	0	0	0	0	0	0.50303	0	0	1	0	0	0	0	0	0	0	0	0	0	0.282375
_D:	"N120_20141016_070000_20141016_072000"	0.291667	0.789041	0	0	0	1	0	0	0	0	0	0.50303	0	0	1	0	0	0	0	0	0	0	0	0	0	0.011375
_D:	"N120_20141016_063000_20141016_065000"	0.270833	0.789041	0	0	0	1	0	0	0	0	0	0.50303	0	0	1	0	0	0	0	0	0	0	0	0	0	0.0106562
_D:	"N120_20141016_060000_20141016_062000"	0.25	0.789041	0	0	0	1	0	0	0	0	0	0.533333	0	0	1	0	0	0	0	0	0	0	0	0	0	0.00603125
_D:	"N120_20141016_053000_20141016_055000"	0.229167	0.789041	0	0	0	1	0	0	0	0	0	0.533333	0	0	1	0	0	0	0	0	0	0	0	0	0	0.012875
_D:	"N120_20141016_050000_20141016_052000"	0.208333	0.789041	0	0	0	1	0	0	0	0	0	0.563636	0	0	1	0	0	0	0	0	0	0	0	0	0	0.0163438
_D:	"N120_20141016_043000_20141016_045000"	0.1875	0.789041	0	0	0	1	0	0	0	0	0	0.563636	0	0	1	0	0	0	0	0	0	0	0	0	0	0.1375
_D:	"N120_20141016_040000_20141016_042000"	0.166667	0.789041	0	0	0	1	0	0	0	0	0	0.563636	0	0	1	0	0	0	0	0	0	0	0	0	0	0.0169063
_D:	"N120_20141016_033000_20141016_035000"	0.145833	0.789041	0	0	0	1	0	0	0	0	0	0.593939	0	0	1	0	0	0	0	0	0	0	0	0	0	0.0167813
_D:	"N120_20141016_030000_20141016_032000"	0.125	0.789041	0	0	0	1	0	0	0	0	0	0.593939	0	0	1	0	0	0	0	0	0	0	0	0	0	0.015875
_D:	"N120_20141016_023000_20141016_025000"	0.104167	0.789041	0	0	0	1	0	0	0	0	0	0.624242	0	0	1	0	0	0	0	0	0	0	0	0	0	0.0165625
_D:	"N120_20141016_020000_20141016_022000"	0.0833333	0.789041	0	0	0	1	0	0	0	0	0	0.624242	0	0	1	0	0	0	0	0	0	0	0	0	0	0.0167813
_D:	"N120_20141016_013000_20141016_015000"	0.0625	0.789041	0	0	0	1	0	0	0	0	0	0.624242	0	0	1	0	0	0	0	0	0	0	0	0	0	0.0159063
_D:	"N120_20141016_010000_20141016_012000"	0.0416667	0.789041	0	0	0	1	0	0	0	0	0	0.593939	0	0	1	0	0	0	0	0	0	0	0	0	0	0.02025
_D:	"N120_20141016_003000_20141016_005000"	0.0208333	0.789041	0	0	0	1	0	0	0	0	0	0.624242	0	0	1	0	0	0	0	0	0	0	0	0	0	0.0233125
_D:	"N120_20141016_000000_20141016_002000"	0	0.789041	0	0	0	1	0	0	0	0	0	0.593939	0	0	1	0	0	0	0	0	0	0	0	0	0	0.0352187
_D:	"N120_20141015_233000_20141015_235000"	0.979167	0.786301	0	0	1	0	0	0	0	0	0	0.593939	0	0	1	0	0	0	0	0	0	0	0	0	0	0.0242813
_D:	"N120_20141015_223000_20141015_225000"	0.9375	0.786301	0	0	1	0	0	0	0	0	0	0.563636	0	0	1	0	0	0	0	0	0	0	0	0	0	0.0299375
_D:	"N120_20141015_213000_20141015_215000"	0.895833	0.786301	0	0	1	0	0	0	0	0	0	0.50303	0	0	1	0	0	0	0	0	0	0	0	0	0	0.142906
_D:	"N120_20141015_210000_20141015_212000"	0.875	0.786301	0	0	1	0	0	0	0	0	0	0.472727	0	0	1	0	0	0	0	0	0	0	0	0	0	0.144187
_D:	"N120_20141015_203000_20141015_205000"	0.854167	0.786301	0	0	1	0	0	0	0	0	0	0.472727	0	0	1	0	0	0	0	0	0	0	0	0	0	0.0261563
_D:	"N120_20141015_200000_20141015_202000"	0.833333	0.786301	0	0	1	0	0	0	0	0	0	0.412121	0	0	1	0	0	0	0	0	0	0	0	0	0	0.0517187
_D:	"N120_20141015_193000_20141015_195000"	0.8125	0.786301	0	0	1	0	0	0	0	0	0	0.381818	0	0	1	0	0	0	0	0	0	0	0	0	0	0.0162187
_D:	"N120_20141015_190000_20141015_192000"	0.791667	0.786301	0	0	1	0	0	0	0	0	0	0.351515	0	0	1	0	0	0	0	0	0	0	0	0	0	0.0415625
_D:	"N120_20141015_183000_20141015_185000"	0.770833	0.786301	0	0	1	0	0	0	0	0	0	0.321212	0	0	1	0	0	0	0	0	0	0	0	0	0	0.0517812
_D:	"N120_20141015_180000_20141015_182000"	0.75	0.786301	0	0	1	0	0	0	0	0	0	0.321212	0	0	1	0	0	0	0	0	0	0	0	0	0	0.0146875
_D:	"N120_20141015_173000_20141015_175000"	0.729167	0.786301	0	0	1	0	0	0	0	0	0	0.321212	0	0	1	0	0	0	0	0	0	0	0	0	0	0.0141563
_D:	"N120_20141015_170000_20141015_172000"	0.708333	0.786301	0	0	1	0	0	0	0	0	0	0.321212	0	0	1	0	0	0	0	0	0	0	0	0	0	0.0153437
_D:	"N120_20141015_163000_20141015_165000"	0.6875	0.786301	0	0	1	0	0	0	0	0	0	0.321212	0	0	1	0	0	0	0	0	0	0	0	0	0	0.014125
_D:	"N120_20141015_160000_20141015_162000"	0.666667	0.786301	0	0	1	0	0	0	0	0	0	0.321212	0	0	1	0	0	0	0	0	0	0	0	0	0	0.0149688
_D:	"N120_20141015_153000_20141015_155000"	0.645833	0.786301	0	0	1	0	0	0	0	0	0	0.351515	0	0	1	0	0	0	0	0	0	0	0	0	0	0.0136563
_D:	"N120_20141015_150000_20141015_152000"	0.625	0.786301	0	0	1	0	0	0	0	0	0	0.351515	0	0	1	0	0	0	0	0	0	0	0	0	0	0.01475
_D:	"N120_20141015_140000_20141015_142000"	0.583333	0.786301	0	0	1	0	0	0	0	0	0	0.351515	0	0	1	0	0	0	0	0	0	0	0	0	0	0.0148125
_D:	"N120_20141015_133000_20141015_135000"	0.5625	0.786301	0	0	1	0	0	0	0	0	0	0.351515	0	0	1	0	0	0	0	0	0	0	0	0	0	0.0136563
_D:	"N120_20141015_130000_20141015_132000"	0.541667	0.786301	0	0	1	0	0	0	0	0	0	0.381818	0	0	1	0	0	0	0	0	0	0	0	0	0	0.0146875
_D:	"N120_20141015_123000_20141015_125000"	0.520833	0.786301	0	0	1	0	0	0	0	0	0	0.381818	0	0	1	0	0	0	0	0	0	0	0	0	0	0.016125
_D:	"N120_20141015_120000_20141015_122000"	0.5	0.786301	0	0	1	0	0	0	0	0	0	0.381818	0	0	1	0	0	0	0	0	0	0	0	0	0	0.0150313
_D:	"N120_20141015_113000_20141015_115000"	0.479167	0.786301	0	0	1	0	0	0	0	0	0	0.381818	0	0	1	0	0	0	0	0	0	0	0	0	0	0.0209688
_D:	"N120_20141015_103000_20141015_105000"	0.4375	0.786301	0	0	1	0	0	0	0	0	0	0.412121	1	0	0	0	0	0	0	0	1	0	0	0	0	0.0377812
_D:	"N120_20141015_100000_20141015_102000"	0.416667	0.786301	0	0	1	0	0	0	0	0	0	0.442424	1	0	0	0	0	0	0	0	1	0	0	0	0	0.2425
_D:	"N120_20141015_093000_20141015_095000"	0.395833	0.786301	0	0	1	0	0	0	0	0	0	0.442424	1	0	0	0	0	0	0	0	1	0	0	0	0	0.0579688
_D:	"N120_20141015_090000_20141015_092000"	0.375	0.786301	0	0	1	0	0	0	0	0	0	0.442424	1	0	0	0	0	0	0	0	1	0	0	0	0	0.122469
_D:	"N120_20141015_083000_20141015_085000"	0.354167	0.786301	0	0	1	0	0	0	0	0	0	0.442424	1	0	0	0	0	0	0	0	1	0	0	0	0	0.231469
_D:	"N120_20141015_080000_20141015_082000"	0.333333	0.786301	0	0	1	0	0	0	0	0	0	0.442424	1	0	0	0	0	0	0	0	1	0	0	0	0	0.137562
_D:	"N120_20141015_073000_20141015_075000"	0.3125	0.786301	0	0	1	0	0	0	0	0	0	0.442424	1	0	0	0	0	0	0	0	1	0	0	0	0	0.148438
_D:	"N120_20141015_070000_20141015_072000"	0.291667	0.786301	0	0	1	0	0	0	0	0	0	0.472727	1	0	0	0	0	0	0	0	1	0	0	0	0	0.0117188
_D:	"N120_20141015_063000_20141015_065000"	0.270833	0.786301	0	0	1	0	0	0	0	0	0	0.472727	1	0	0	0	0	0	0	0	1	0	0	0	0	0.00878125
_D:	"N120_20141015_060000_20141015_062000"	0.25	0.786301	0	0	1	0	0	0	0	0	0	0.50303	1	0	0	0	0	0	0	0	1	0	0	0	0	0.0089375
_D:	"N120_20141015_053000_20141015_055000"	0.229167	0.786301	0	0	1	0	0	0	0	0	0	0.50303	1	0	0	0	0	0	0	0	1	0	0	0	0	0.0120625
_D:	"N120_20141015_050000_20141015_052000"	0.208333	0.786301	0	0	1	0	0	0	0	0	0	0.533333	1	0	0	0	0	0	0	0	1	0	0	0	0	0.0144062
_D:	"N120_20141015_043000_20141015_045000"	0.1875	0.786301	0	0	1	0	0	0	0	0	0	0.533333	1	0	0	0	0	0	0	0	1	0	0	0	0	0.123062
_D:	"N120_20141015_040000_20141015_042000"	0.166667	0.786301	0	0	1	0	0	0	0	0	0	0.533333	1	0	0	0	0	0	0	0	1	0	0	0	0	0.127312
_D:	"N120_20141015_033000_20141015_035000"	0.145833	0.786301	0	0	1	0	0	0	0	0	0	0.563636	0	0	1	0	0	0	0	0	0	0	0	0	0	0.237344
_D:	"N120_20141015_030000_20141015_032000"	0.125	0.786301	0	0	1	0	0	0	0	0	0	0.593939	0	0	1	0	0	0	0	0	0	0	0	0	0	0.0681875
_D:	"N120_20141015_023000_20141015_025000"	0.104167	0.786301	0	0	1	0	0	0	0	0	0	0.563636	0	0	1	0	0	0	0	0	0	0	0	0	0	0.0100625
_D:	"N120_20141015_020000_20141015_022000"	0.0833333	0.786301	0	0	1	0	0	0	0	0	0	0.563636	0	0	1	0	0	0	0	0	0	0	0	0	0	0.0129062
_D:	"N120_20141015_013000_20141015_015000"	0.0625	0.786301	0	0	1	0	0	0	0	0	0	0.563636	0	0	1	0	0	0	0	0	0	0	0	0	0	0.0170937
_D:	"N120_20141015_010000_20141015_012000"	0.0416667	0.786301	0	0	1	0	0	0	0	0	0	0.563636	0	0	1	0	0	0	0	0	0	0	0	0	0	0.0177813
_D:	"N120_20141015_003000_20141015_005000"	0.0208333	0.786301	0	0	1	0	0	0	0	0	0	0.563636	0	0	1	0	0	0	0	0	0	0	0	0	0	0.0189063
_D:	"N120_20141015_000000_20141015_002000"	0	0.786301	0	0	1	0	0	0	0	0	0	0.533333	0	0	1	0	0	0	0	0	0	0	0	0	0	0.0187187
_D:	"N120_20141014_233000_20141014_235000"	0.979167	0.783562	0	1	0	0	0	0	0	0	0	0.533333	0	0	1	0	0	0	0	0	0	0	0	0	0	0.0157812
_D:	"N120_20141014_223000_20141014_225000"	0.9375	0.783562	0	1	0	0	0	0	0	0	0	0.50303	0	0	1	0	0	0	0	0	0	0	0	0	0	0.0098125
_D:	"N120_20141014_220000_20141014_222000"	0.916667	0.783562	0	1	0	0	0	0	0	0	0	0.50303	0	0	1	0	0	0	0	0	0	0	0	0	0	0.00784375
_D:	"N120_20141014_213000_20141014_215000"	0.895833	0.783562	0	1	0	0	0	0	0	0	0	0.50303	0	0	1	0	0	0	0	0	0	0	0	0	0	0.00684375
_D:	"N120_20141014_210000_20141014_212000"	0.875	0.783562	0	1	0	0	0	0	0	0	0	0.50303	0	0	1	0	0	0	0	0	0	0	0	0	0	0.0159375
_D:	"N120_20141014_203000_20141014_205000"	0.854167	0.783562	0	1	0	0	0	0	0	0	0	0.472727	0	0	1	0	0	0	0	0	0	0	0	0	0	0.0466563
_D:	"N120_20141014_200000_20141014_202000"	0.833333	0.783562	0	1	0	0	0	0	0	0	0	0.472727	0	0	1	0	0	0	0	0	0	0	0	0	0	0.0433437
_D:	"N120_20141014_193000_20141014_195000"	0.8125	0.783562	0	1	0	0	0	0	0	0	0	0.442424	0	0	1	0	0	0	0	0	0	0	0	0	0	0.014875
_D:	"N120_20141014_190000_20141014_192000"	0.791667	0.783562	0	1	0	0	0	0	0	0	0	0.442424	0	0	1	0	0	0	0	0	0	0	0	0	0	0.0139375
_D:	"N120_20141014_183000_20141014_185000"	0.770833	0.783562	0	1	0	0	0	0	0	0	0	0.412121	0	0	1	0	0	0	0	0	0	0	0	0	0	0.0135938
_D:	"N120_20141014_180000_20141014_182000"	0.75	0.783562	0	1	0	0	0	0	0	0	0	0.442424	0	0	1	0	0	0	0	0	0	0	0	0	0	0.145531
_D:	"N120_20141014_173000_20141014_175000"	0.729167	0.783562	0	1	0	0	0	0	0	0	0	0.412121	0	0	1	0	0	0	0	0	0	0	0	0	0	0.0100938
_D:	"N120_20141014_170000_20141014_172000"	0.708333	0.783562	0	1	0	0	0	0	0	0	0	0.412121	0	0	1	0	0	0	0	0	0	0	0	0	0	0.00871875
_D:	"N120_20141014_163000_20141014_165000"	0.6875	0.783562	0	1	0	0	0	0	0	0	0	0.442424	0	0	1	0	0	0	0	0	0	0	0	0	0	0.00846875
_D:	"N120_20141014_160000_20141014_162000"	0.666667	0.783562	0	1	0	0	0	0	0	0	0	0.412121	0	0	1	0	0	0	0	0	0	0	0	0	0	0.00634375
_D:	"N120_20141014_153000_20141014_155000"	0.645833	0.783562	0	1	0	0	0	0	0	0	0	0.442424	0	0	1	0	0	0	0	0	0	0	0	0	0	0.0053125
_D:	"N120_20141014_150000_20141014_152000"	0.625	0.783562	0	1	0	0	0	0	0	0	0	0.412121	0	0	1	0	0	0	0	0	0	0	0	0	0	0.00728125
_D:	"N120_20141014_143000_20141014_145000"	0.604167	0.783562	0	1	0	0	0	0	0	0	0	0.412121	0	0	1	0	0	0	0	0	0	0	0	0	0	0.00928125
_D:	"N120_20141014_140000_20141014_142000"	0.583333	0.783562	0	1	0	0	0	0	0	0	0	0.381818	0	0	1	0	0	0	0	0	0	0	0	0	0	0.0120312
_D:	"N120_20141014_133000_20141014_135000"	0.5625	0.783562	0	1	0	0	0	0	0	0	0	0.381818	0	0	1	0	0	0	0	0	0	0	0	0	0	0.0140938
_D:	"N120_20141014_130000_20141014_132000"	0.541667	0.783562	0	1	0	0	0	0	0	0	0	0.381818	0	0	1	0	0	0	0	0	0	0	0	0	0	0.0152812
_D:	"N120_20141014_123000_20141014_125000"	0.520833	0.783562	0	1	0	0	0	0	0	0	0	0.442424	0	0	1	0	0	0	0	0	0	0	0	0	0	0.0165938
_D:	"N120_20141014_120000_20141014_122000"	0.5	0.783562	0	1	0	0	0	0	0	0	0	0.442424	0	0	1	0	0	0	0	0	0	0	0	0	0	0.0164688
_D:	"N120_20141014_113000_20141014_115000"	0.479167	0.783562	0	1	0	0	0	0	0	0	0	0.442424	0	0	1	0	0	0	0	0	0	0	0	0	0	0.02525
_D:	"N120_20141014_103000_20141014_105000"	0.4375	0.783562	0	1	0	0	0	0	0	0	0	0.442424	1	0	0	0	0	0	0	0	1	0	0	0	0	0.011875
_D:	"N120_20141014_100000_20141014_102000"	0.416667	0.783562	0	1	0	0	0	0	0	0	0	0.412121	1	0	0	0	0	0	0	0	1	0	0	0	0	0.126156
_D:	"N120_20141014_093000_20141014_095000"	0.395833	0.783562	0	1	0	0	0	0	0	0	0	0.442424	1	0	0	0	0	0	0	0	1	0	0	0	0	0.245125
_D:	"N120_20141014_090000_20141014_092000"	0.375	0.783562	0	1	0	0	0	0	0	0	0	0.412121	1	0	0	0	0	0	0	0	1	0	0	0	0	0.0351875
_D:	"N120_20141014_083000_20141014_085000"	0.354167	0.783562	0	1	0	0	0	0	0	0	0	0.442424	1	0	0	0	0	0	0	0	1	0	0	0	0	0.0393437
_D:	"N120_20141014_080000_20141014_082000"	0.333333	0.783562	0	1	0	0	0	0	0	0	0	0.472727	1	0	0	0	0	0	0	0	1	0	0	0	0	0.2065
_D:	"N120_20141014_073000_20141014_075000"	0.3125	0.783562	0	1	0	0	0	0	0	0	0	0.472727	1	0	0	0	0	0	0	0	1	0	0	0	0	0.283938
_D:	"N120_20141014_070000_20141014_072000"	0.291667	0.783562	0	1	0	0	0	0	0	0	0	0.472727	1	0	0	0	0	0	0	0	1	0	0	0	0	0.045
_D:	"N120_20141014_063000_20141014_065000"	0.270833	0.783562	0	1	0	0	0	0	0	0	0	0.472727	1	0	0	0	0	0	0	0	1	0	0	0	0	0.102187
_D:	"N120_20141014_060000_20141014_062000"	0.25	0.783562	0	1	0	0	0	0	0	0	0	0.50303	1	0	0	0	0	0	0	0	1	0	0	0	0	0.278719
_D:	"N120_20141014_053000_20141014_055000"	0.229167	0.783562	0	1	0	0	0	0	0	0	0	0.533333	1	0	0	0	0	0	0	0	1	0	0	0	0	0.202625
_D:	"N120_20141014_050000_20141014_052000"	0.208333	0.783562	0	1	0	0	0	0	0	0	0	0.50303	1	0	0	0	0	0	0	0	1	0	0	0	0	0.14225
_D:	"N120_20141014_043000_20141014_045000"	0.1875	0.783562	0	1	0	0	0	0	0	0	0	0.533333	1	0	0	0	0	0	0	0	1	0	0	0	0	0.0161563
_D:	"N120_20141014_040000_20141014_042000"	0.166667	0.783562	0	1	0	0	0	0	0	0	0	0.563636	1	0	0	0	0	0	0	0	1	0	0	0	0	0.0234687
_D:	"N120_20141014_033000_20141014_035000"	0.145833	0.783562	0	1	0	0	0	0	0	0	0	0.563636	1	0	0	0	0	0	0	0	1	0	0	0	0	0.0294062
_D:	"N120_20141014_030000_20141014_032000"	0.125	0.783562	0	1	0	0	0	0	0	0	0	0.533333	1	0	0	0	0	0	0	0	1	0	0	0	0	0.0313438
_D:	"N120_20141014_023000_20141014_025000"	0.104167	0.783562	0	1	0	0	0	0	0	0	0	0.533333	1	0	0	0	0	0	0	0	1	0	0	0	0	0.023375
_D:	"N120_20141014_013000_20141014_015000"	0.0625	0.783562	0	1	0	0	0	0	0	0	0	0.563636	1	0	0	0	0	0	0	0	1	0	0	0	0	0.06
_D:	"N120_20141014_010000_20141014_012000"	0.0416667	0.783562	0	1	0	0	0	0	0	0	0	0.563636	1	0	0	0	0	0	0	0	1	0	0	0	0	0.0333125
_D:	"N120_20141014_003000_20141014_005000"	0.0208333	0.783562	0	1	0	0	0	0	0	0	0	0.563636	1	0	0	0	0	0	0	0	1	0	0	0	0	0.0292812
_D:	"N120_20141014_000000_20141014_002000"	0	0.783562	0	1	0	0	0	0	0	0	0	0.533333	1	0	0	0	0	0	0	0	1	0	0	0	0	0.043
_D:	"N120_20141013_233000_20141013_235000"	0.979167	0.780822	1	0	0	0	0	0	0	0	0	0.533333	1	0	0	0	0	0	0	0	1	0	0	0	0	0.0270313
_D:	"N120_20141013_223000_20141013_225000"	0.9375	0.780822	1	0	0	0	0	0	0	0	0	0.533333	1	0	0	0	0	0	0	0	1	0	0	0	0	0.0149688
_D:	"N120_20141013_220000_20141013_222000"	0.916667	0.780822	1	0	0	0	0	0	0	0	0	0.533333	1	0	0	0	0	0	0	0	1	0	0	0	0	0.0117188
_D:	"N120_20141013_213000_20141013_215000"	0.895833	0.780822	1	0	0	0	0	0	0	0	0	0.50303	0	0	1	0	0	0	0	0	0	0	0	0	0	0.00996875
_D:	"N120_20141013_210000_20141013_212000"	0.875	0.780822	1	0	0	0	0	0	0	0	0	0.50303	0	0	1	0	0	0	0	0	0	0	0	0	0	0.0086875
_D:	"N120_20141013_203000_20141013_205000"	0.854167	0.780822	1	0	0	0	0	0	0	0	0	0.472727	0	0	1	0	0	0	0	0	0	0	0	0	0	0.00778125
_D:	"N120_20141013_200000_20141013_202000"	0.833333	0.780822	1	0	0	0	0	0	0	0	0	0.472727	0	0	1	0	0	0	0	0	0	0	0	0	0	0.00784375
_D:	"N120_20141013_193000_20141013_195000"	0.8125	0.780822	1	0	0	0	0	0	0	0	0	0.412121	0	0	1	0	0	0	0	0	0	0	0	0	0	0.0231562
_D:	"N120_20141013_190000_20141013_192000"	0.791667	0.780822	1	0	0	0	0	0	0	0	0	0.412121	0	0	1	0	0	0	0	0	0	0	0	0	0	0.135844
_D:	"N120_20141013_183000_20141013_185000"	0.770833	0.780822	1	0	0	0	0	0	0	0	0	0.351515	0	0	1	0	0	0	0	0	0	0	0	0	0	0.197719
_D:	"N120_20141013_180000_20141013_182000"	0.75	0.780822	1	0	0	0	0	0	0	0	0	0.351515	0	0	1	0	0	0	0	0	0	0	0	0	0	0.3195
_D:	"N120_20141013_173000_20141013_175000"	0.729167	0.780822	1	0	0	0	0	0	0	0	0	0.351515	0	0	1	0	0	0	0	0	0	0	0	0	0	0.0153125
_D:	"N120_20141013_170000_20141013_172000"	0.708333	0.780822	1	0	0	0	0	0	0	0	0	0.351515	0	0	1	0	0	0	0	0	0	0	0	0	0	0.0139687
_D:	"N120_20141013_163000_20141013_165000"	0.6875	0.780822	1	0	0	0	0	0	0	0	0	0.351515	0	0	1	0	0	0	0	0	0	0	0	0	0	0.0136563
_D:	"N120_20141013_160000_20141013_162000"	0.666667	0.780822	1	0	0	0	0	0	0	0	0	0.381818	0	0	1	0	0	0	0	0	0	0	0	0	0	0.0136563
_D:	"N120_20141013_153000_20141013_155000"	0.645833	0.780822	1	0	0	0	0	0	0	0	0	0.381818	0	0	1	0	0	0	0	0	0	0	0	0	0	0.0155625
_D:	"N120_20141013_150000_20141013_152000"	0.625	0.780822	1	0	0	0	0	0	0	0	0	0.381818	0	0	1	0	0	0	0	0	0	0	0	0	0	0.0145938
_D:	"N120_20141013_143000_20141013_145000"	0.604167	0.780822	1	0	0	0	0	0	0	0	0	0.381818	0	0	1	0	0	0	0	0	0	0	0	0	0	0.0148125
_D:	"N120_20141013_140000_20141013_142000"	0.583333	0.780822	1	0	0	0	0	0	0	0	0	0.351515	0	0	1	0	0	0	0	0	0	0	0	0	0	0.0164688
_D:	"N120_20141013_133000_20141013_135000"	0.5625	0.780822	1	0	0	0	0	0	0	0	0	0.351515	0	0	1	0	0	0	0	0	0	0	0	0	0	0.0163125
_D:	"N120_20141013_130000_20141013_132000"	0.541667	0.780822	1	0	0	0	0	0	0	0	0	0.381818	0	0	1	0	0	0	0	0	0	0	0	0	0	0.0130625
_D:	"N120_20141013_123000_20141013_125000"	0.520833	0.780822	1	0	0	0	0	0	0	0	0	0.381818	0	0	1	0	0	0	0	0	0	0	0	0	0	0.00990625
_D:	"N120_20141013_120000_20141013_122000"	0.5	0.780822	1	0	0	0	0	0	0	0	0	0.381818	0	0	1	0	0	0	0	0	0	0	0	0	0	0.00996875
_D:	"N120_20141013_113000_20141013_115000"	0.479167	0.780822	1	0	0	0	0	0	0	0	0	0.381818	0	0	1	0	0	0	0	0	0	0	0	0	0	0.00921875
_D:	"N120_20141013_103000_20141013_105000"	0.4375	0.780822	1	0	0	0	0	0	0	0	0	0.381818	0	0	0	0	0	1	0	0	0	0	0	0	0	0.0143125
_D:	"N120_20141013_100000_20141013_102000"	0.416667	0.780822	1	0	0	0	0	0	0	0	0	0.412121	0	0	0	0	0	1	0	0	0	0	0	0	0	0.0196563
_D:	"N120_20141013_093000_20141013_095000"	0.395833	0.780822	1	0	0	0	0	0	0	0	0	0.412121	0	0	0	0	0	1	0	0	0	0	0	0	0	0.038125
_D:	"N120_20141013_090000_20141013_092000"	0.375	0.780822	1	0	0	0	0	0	0	0	0	0.412121	0	0	0	0	0	1	0	0	0	0	0	0	0	0.253812
_D:	"N120_20141013_083000_20141013_085000"	0.354167	0.780822	1	0	0	0	0	0	0	0	0	0.412121	0	0	0	0	0	1	0	0	0	0	0	0	0	0.287906
_D:	"N120_20141013_080000_20141013_082000"	0.333333	0.780822	1	0	0	0	0	0	0	0	0	0.412121	0	0	0	0	0	1	0	0	0	0	0	0	0	0.0898438
_D:	"N120_20141013_073000_20141013_075000"	0.3125	0.780822	1	0	0	0	0	0	0	0	0	0.442424	0	0	0	0	0	1	0	0	0	0	0	0	0	0.08275
_D:	"N120_20141013_070000_20141013_072000"	0.291667	0.780822	1	0	0	0	0	0	0	0	0	0.442424	0	0	0	0	0	1	0	0	0	0	0	0	0	0.139844
_D:	"N120_20141013_063000_20141013_065000"	0.270833	0.780822	1	0	0	0	0	0	0	0	0	0.442424	0	0	0	0	0	1	0	0	0	0	0	0	0	0.248688
_D:	"N120_20141013_060000_20141013_062000"	0.25	0.780822	1	0	0	0	0	0	0	0	0	0.472727	0	0	0	0	0	1	0	0	0	0	0	0	0	0.0133437
_D:	"N120_20141013_053000_20141013_055000"	0.229167	0.780822	1	0	0	0	0	0	0	0	0	0.50303	0	0	0	0	0	1	0	0	0	0	0	0	0	0.016875
_D:	"N120_20141013_050000_20141013_052000"	0.208333	0.780822	1	0	0	0	0	0	0	0	0	0.50303	0	0	0	0	0	1	0	0	0	0	0	0	0	0.0219375
_D:	"N120_20141013_043000_20141013_045000"	0.1875	0.780822	1	0	0	0	0	0	0	0	0	0.533333	0	0	0	0	0	1	0	0	0	0	0	0	0	0.0239375
_D:	"N120_20141013_040000_20141013_042000"	0.166667	0.780822	1	0	0	0	0	0	0	0	0	0.533333	0	0	0	0	0	1	0	0	0	0	0	0	0	0.0230312
_D:	"N120_20141013_033000_20141013_035000"	0.145833	0.780822	1	0	0	0	0	0	0	0	0	0.563636	0	0	1	0	0	0	0	0	0	0	0	0	0	0.02225
_D:	"N120_20141013_030000_20141013_032000"	0.125	0.780822	1	0	0	0	0	0	0	0	0	0.533333	0	0	1	0	0	0	0	0	0	0	0	0	0	0.0269375
_D:	"N120_20141013_023000_20141013_025000"	0.104167	0.780822	1	0	0	0	0	0	0	0	0	0.563636	0	0	1	0	0	0	0	0	0	0	0	0	0	0.0307187
_D:	"N120_20141013_020000_20141013_022000"	0.0833333	0.780822	1	0	0	0	0	0	0	0	0	0.563636	0	0	1	0	0	0	0	0	0	0	0	0	0	0.104719
_D:	"N120_20141013_013000_20141013_015000"	0.0625	0.780822	1	0	0	0	0	0	0	0	0	0.533333	0	0	1	0	0	0	0	0	0	0	0	0	0	0.119562
_D:	"N120_20141013_010000_20141013_012000"	0.0416667	0.780822	1	0	0	0	0	0	0	0	0	0.563636	0	0	1	0	0	0	0	0	0	0	0	0	0	0.240656
_D:	"N120_20141013_003000_20141013_005000"	0.0208333	0.780822	1	0	0	0	0	0	0	0	0	0.533333	0	0	1	0	0	0	0	0	0	0	0	0	0	0.0291875
_D:	"N120_20141013_000000_20141013_002000"	0	0.780822	1	0	0	0	0	0	0	0	0	0.533333	0	0	1	0	0	0	0	0	0	0	0	0	0	0.0329375
_D:	"N120_20141012_233000_20141012_235000"	0.979167	0.778082	0	0	0	0	0	0	1	0	0	0.533333	0	0	1	0	0	0	0	0	0	0	0	0	0	0.0327188
_D:	"N120_20141012_223000_20141012_225000"	0.9375	0.778082	0	0	0	0	0	0	1	0	0	0.50303	0	0	1	0	0	0	0	0	0	0	0	0	0	0.0525
_D:	"N120_20141012_220000_20141012_222000"	0.916667	0.778082	0	0	0	0	0	0	1	0	0	0.50303	0	0	1	0	0	0	0	0	0	0	0	0	0	0.022875
_D:	"N120_20141012_213000_20141012_215000"	0.895833	0.778082	0	0	0	0	0	0	1	0	0	0.50303	0	0	1	0	0	0	0	0	0	0	0	0	0	0.0216875
_D:	"N120_20141012_210000_20141012_212000"	0.875	0.778082	0	0	0	0	0	0	1	0	0	0.50303	0	0	1	0	0	0	0	0	0	0	0	0	0	0.0929687
_D:	"N120_20141012_203000_20141012_205000"	0.854167	0.778082	0	0	0	0	0	0	1	0	0	0.472727	0	0	1	0	0	0	0	0	0	0	0	0	0	0.0189687
_D:	"N120_20141012_200000_20141012_202000"	0.833333	0.778082	0	0	0	0	0	0	1	0	0	0.472727	0	0	1	0	0	0	0	0	0	0	0	0	0	0.0160313
_D:	"N120_20141012_193000_20141012_195000"	0.8125	0.778082	0	0	0	0	0	0	1	0	0	0.442424	0	0	1	0	0	0	0	0	0	0	0	0	0	0.0149375
_D:	"N120_20141012_190000_20141012_192000"	0.791667	0.778082	0	0	0	0	0	0	1	0	0	0.442424	0	0	1	0	0	0	0	0	0	0	0	0	0	0.201531
_D:	"N120_20141012_183000_20141012_185000"	0.770833	0.778082	0	0	0	0	0	0	1	0	0	0.412121	0	0	1	0	0	0	0	0	0	0	0	0	0	0.170406
_D:	"N120_20141012_180000_20141012_182000"	0.75	0.778082	0	0	0	0	0	0	1	0	0	0.412121	0	0	1	0	0	0	0	0	0	0	0	0	0	0.0480312
_D:	"N120_20141012_173000_20141012_175000"	0.729167	0.778082	0	0	0	0	0	0	1	0	0	0.412121	0	0	1	0	0	0	0	0	0	0	0	0	0	0.112344
_D:	"N120_20141012_170000_20141012_172000"	0.708333	0.778082	0	0	0	0	0	0	1	0	0	0.412121	0	0	1	0	0	0	0	0	0	0	0	0	0	0.00984375
_D:	"N120_20141012_163000_20141012_165000"	0.6875	0.778082	0	0	0	0	0	0	1	0	0	0.412121	0	0	1	0	0	0	0	0	0	0	0	0	0	0.00978125
_D:	"N120_20141012_160000_20141012_162000"	0.666667	0.778082	0	0	0	0	0	0	1	0	0	0.412121	0	0	1	0	0	0	0	0	0	0	0	0	0	0.0108438
_D:	"N120_20141012_153000_20141012_155000"	0.645833	0.778082	0	0	0	0	0	0	1	0	0	0.412121	0	0	1	0	0	0	0	0	0	0	0	0	0	0.010875
_D:	"N120_20141012_150000_20141012_152000"	0.625	0.778082	0	0	0	0	0	0	1	0	0	0.412121	0	0	1	0	0	0	0	0	0	0	0	0	0	0.0120625
_D:	"N120_20141012_143000_20141012_145000"	0.604167	0.778082	0	0	0	0	0	0	1	0	0	0.442424	0	0	1	0	0	0	0	0	0	0	0	0	0	0.0117813
_D:	"N120_20141012_140000_20141012_142000"	0.583333	0.778082	0	0	0	0	0	0	1	0	0	0.442424	0	0	1	0	0	0	0	0	0	0	0	0	0	0.01275
_D:	"N120_20141012_133000_20141012_135000"	0.5625	0.778082	0	0	0	0	0	0	1	0	0	0.442424	0	0	1	0	0	0	0	0	0	0	0	0	0	0.0165625
_D:	"N120_20141012_130000_20141012_132000"	0.541667	0.778082	0	0	0	0	0	0	1	0	0	0.442424	0	0	1	0	0	0	0	0	0	0	0	0	0	0.0170625
_D:	"N120_20141012_123000_20141012_125000"	0.520833	0.778082	0	0	0	0	0	0	1	0	0	0.442424	0	0	1	0	0	0	0	0	0	0	0	0	0	0.0167188
_D:	"N120_20141012_120000_20141012_122000"	0.5	0.778082	0	0	0	0	0	0	1	0	0	0.442424	0	0	1	0	0	0	0	0	0	0	0	0	0	0.0142188
_D:	"N120_20141012_113000_20141012_115000"	0.479167	0.778082	0	0	0	0	0	0	1	0	0	0.442424	0	0	1	0	0	0	0	0	0	0	0	0	0	0.0202812
_D:	"N120_20141012_103000_20141012_105000"	0.4375	0.778082	0	0	0	0	0	0	1	0	0	0.442424	0	0	1	0	0	0	0	0	0	0	0	0	0	0.0163438
_D:	"N120_20141012_100000_20141012_102000"	0.416667	0.778082	0	0	0	0	0	0	1	0	0	0.442424	0	0	1	0	0	0	0	0	0	0	0	0	0	0.0166875
_D:	"N120_20141012_093000_20141012_095000"	0.395833	0.778082	0	0	0	0	0	0	1	0	0	0.442424	0	0	1	0	0	0	0	0	0	0	0	0	0	0.19
_D:	"N120_20141012_090000_20141012_092000"	0.375	0.778082	0	0	0	0	0	0	1	0	0	0.442424	0	0	1	0	0	0	0	0	0	0	0	0	0	0.223031
_D:	"N120_20141012_083000_20141012_085000"	0.354167	0.778082	0	0	0	0	0	0	1	0	0	0.442424	0	0	1	0	0	0	0	0	0	0	0	0	0	0.528687
_D:	"N120_20141012_080000_20141012_082000"	0.333333	0.778082	0	0	0	0	0	0	1	0	0	0.442424	0	0	1	0	0	0	0	0	0	0	0	0	0	0.0633125
_D:	"N120_20141012_073000_20141012_075000"	0.3125	0.778082	0	0	0	0	0	0	1	0	0	0.442424	0	0	1	0	0	0	0	0	0	0	0	0	0	0.0471562
_D:	"N120_20141012_070000_20141012_072000"	0.291667	0.778082	0	0	0	0	0	0	1	0	0	0.442424	0	0	1	0	0	0	0	0	0	0	0	0	0	0.115656
_D:	"N120_20141012_063000_20141012_065000"	0.270833	0.778082	0	0	0	0	0	0	1	0	0	0.442424	0	0	1	0	0	0	0	0	0	0	0	0	0	0.308906
_D:	"N120_20141012_060000_20141012_062000"	0.25	0.778082	0	0	0	0	0	0	1	0	0	0.442424	0	0	1	0	0	0	0	0	0	0	0	0	0	0.0230312
_D:	"N120_20141012_053000_20141012_055000"	0.229167	0.778082	0	0	0	0	0	0	1	0	0	0.472727	0	0	1	0	0	0	0	0	0	0	0	0	0	0.047625
_D:	"N120_20141012_050000_20141012_052000"	0.208333	0.778082	0	0	0	0	0	0	1	0	0	0.472727	0	0	1	0	0	0	0	0	0	0	0	0	0	0.0718438
_D:	"N120_20141012_043000_20141012_045000"	0.1875	0.778082	0	0	0	0	0	0	1	0	0	0.472727	0	0	1	0	0	0	0	0	0	0	0	0	0	0.186594
_D:	"N120_20141012_040000_20141012_042000"	0.166667	0.778082	0	0	0	0	0	0	1	0	0	0.50303	0	0	1	0	0	0	0	0	0	0	0	0	0	0.106781
_D:	"N120_20141012_033000_20141012_035000"	0.145833	0.778082	0	0	0	0	0	0	1	0	0	0.50303	0	0	1	0	0	0	0	0	0	0	0	0	0	0.08275
_D:	"N120_20141012_030000_20141012_032000"	0.125	0.778082	0	0	0	0	0	0	1	0	0	0.50303	0	0	1	0	0	0	0	0	0	0	0	0	0	0.0179063
_D:	"N120_20141012_023000_20141012_025000"	0.104167	0.778082	0	0	0	0	0	0	1	0	0	0.533333	0	0	1	0	0	0	0	0	0	0	0	0	0	0.0594687
_D:	"N120_20141012_020000_20141012_022000"	0.0833333	0.778082	0	0	0	0	0	0	1	0	0	0.50303	0	0	1	0	0	0	0	0	0	0	0	0	0	0.188344
_D:	"N120_20141012_013000_20141012_015000"	0.0625	0.778082	0	0	0	0	0	0	1	0	0	0.50303	0	0	1	0	0	0	0	0	0	0	0	0	0	0.234906
_D:	"N120_20141012_010000_20141012_012000"	0.0416667	0.778082	0	0	0	0	0	0	1	0	0	0.50303	0	0	1	0	0	0	0	0	0	0	0	0	0	0.0568438
_D:	"N120_20141012_003000_20141012_005000"	0.0208333	0.778082	0	0	0	0	0	0	1	0	0	0.50303	0	0	1	0	0	0	0	0	0	0	0	0	0	0.05975
_D:	"N120_20141012_000000_20141012_002000"	0	0.778082	0	0	0	0	0	0	1	0	0	0.50303	0	0	1	0	0	0	0	0	0	0	0	0	0	0.026625
_D:	"N120_20141011_233000_20141011_235000"	0.979167	0.775342	0	0	0	0	0	1	0	0	0	0.533333	0	0	1	0	0	0	0	0	0	0	0	0	0	0.0597812
_D:	"N120_20141011_223000_20141011_225000"	0.9375	0.775342	0	0	0	0	0	1	0	0	0	0.50303	0	0	1	0	0	0	0	0	0	0	0	0	0	0.0295938
_D:	"N120_20141011_220000_20141011_222000"	0.916667	0.775342	0	0	0	0	0	1	0	0	0	0.50303	0	0	1	0	0	0	0	0	0	0	0	0	0	0.0843125
_D:	"N120_20141011_213000_20141011_215000"	0.895833	0.775342	0	0	0	0	0	1	0	0	0	0.472727	0	0	1	0	0	0	0	0	0	0	0	0	0	0.148312
_D:	"N120_20141011_210000_20141011_212000"	0.875	0.775342	0	0	0	0	0	1	0	0	0	0.472727	0	0	1	0	0	0	0	0	0	0	0	0	0	0.017125
_D:	"N120_20141011_203000_20141011_205000"	0.854167	0.775342	0	0	0	0	0	1	0	0	0	0.472727	0	0	1	0	0	0	0	0	0	0	0	0	0	0.0755
_D:	"N120_20141011_200000_20141011_202000"	0.833333	0.775342	0	0	0	0	0	1	0	0	0	0.442424	0	0	1	0	0	0	0	0	0	0	0	0	0	0.237594
_D:	"N120_20141011_193000_20141011_195000"	0.8125	0.775342	0	0	0	0	0	1	0	0	0	0.442424	0	0	1	0	0	0	0	0	0	0	0	0	0	0.119281
_D:	"N120_20141011_190000_20141011_192000"	0.791667	0.775342	0	0	0	0	0	1	0	0	0	0.412121	0	0	1	0	0	0	0	0	0	0	0	0	0	0.00921875
_D:	"N120_20141011_183000_20141011_185000"	0.770833	0.775342	0	0	0	0	0	1	0	0	0	0.412121	0	0	1	0	0	0	0	0	0	0	0	0	0	0.0245625
_D:	"N120_20141011_180000_20141011_182000"	0.75	0.775342	0	0	0	0	0	1	0	0	0	0.412121	0	0	1	0	0	0	0	0	0	0	0	0	0	0.0432812
_D:	"N120_20141011_173000_20141011_175000"	0.729167	0.775342	0	0	0	0	0	1	0	0	0	0.412121	0	0	1	0	0	0	0	0	0	0	0	0	0	0.04525
_D:	"N120_20141011_170000_20141011_172000"	0.708333	0.775342	0	0	0	0	0	1	0	0	0	0.412121	0	0	1	0	0	0	0	0	0	0	0	0	0	0.0304062
_D:	"N120_20141011_163000_20141011_165000"	0.6875	0.775342	0	0	0	0	0	1	0	0	0	0.412121	0	0	1	0	0	0	0	0	0	0	0	0	0	0.0150313
_D:	"N120_20141011_160000_20141011_162000"	0.666667	0.775342	0	0	0	0	0	1	0	0	0	0.412121	0	0	1	0	0	0	0	0	0	0	0	0	0	0.0267812
_D:	"N120_20141011_153000_20141011_155000"	0.645833	0.775342	0	0	0	0	0	1	0	0	0	0.412121	0	0	1	0	0	0	0	0	0	0	0	0	0	0.0562188
_D:	"N120_20141011_150000_20141011_152000"	0.625	0.775342	0	0	0	0	0	1	0	0	0	0.412121	0	0	1	0	0	0	0	0	0	0	0	0	0	0.0459687
_D:	"N120_20141011_143000_20141011_145000"	0.604167	0.775342	0	0	0	0	0	1	0	0	0	0.412121	0	0	1	0	0	0	0	0	0	0	0	0	0	0.0145313
_D:	"N120_20141011_140000_20141011_142000"	0.583333	0.775342	0	0	0	0	0	1	0	0	0	0.412121	0	0	1	0	0	0	0	0	0	0	0	0	0	0.0115625
_D:	"N120_20141011_133000_20141011_135000"	0.5625	0.775342	0	0	0	0	0	1	0	0	0	0.412121	0	0	1	0	0	0	0	0	0	0	0	0	0	0.0437188
_D:	"N120_20141011_130000_20141011_132000"	0.541667	0.775342	0	0	0	0	0	1	0	0	0	0.412121	0	0	1	0	0	0	0	0	0	0	0	0	0	0.0203438
_D:	"N120_20141011_123000_20141011_125000"	0.520833	0.775342	0	0	0	0	0	1	0	0	0	0.412121	0	0	1	0	0	0	0	0	0	0	0	0	0	0.0114063
_D:	"N120_20141011_120000_20141011_122000"	0.5	0.775342	0	0	0	0	0	1	0	0	0	0.412121	0	0	1	0	0	0	0	0	0	0	0	0	0	0.0565313
_D:	"N120_20141011_113000_20141011_115000"	0.479167	0.775342	0	0	0	0	0	1	0	0	0	0.412121	0	0	1	0	0	0	0	0	0	0	0	0	0	0.0222188
_D:	"N120_20141011_103000_20141011_105000"	0.4375	0.775342	0	0	0	0	0	1	0	0	0	0.412121	0	0	1	0	0	0	0	0	0	0	0	0	0	0.121375
_D:	"N120_20141011_100000_20141011_102000"	0.416667	0.775342	0	0	0	0	0	1	0	0	0	0.412121	0	0	1	0	0	0	0	0	0	0	0	0	0	0.02925
_D:	"N120_20141011_093000_20141011_095000"	0.395833	0.775342	0	0	0	0	0	1	0	0	0	0.412121	0	0	0	0	0	0	0	1	0	0	0	0	0	0.0425
_D:	"N120_20141011_090000_20141011_092000"	0.375	0.775342	0	0	0	0	0	1	0	0	0	0.412121	0	0	0	0	0	0	0	1	0	0	0	0	0	0.034625
_D:	"N120_20141011_083000_20141011_085000"	0.354167	0.775342	0	0	0	0	0	1	0	0	0	0.412121	0	0	0	0	0	0	0	1	0	0	0	0	0	0.0382813
_D:	"N120_20141011_080000_20141011_082000"	0.333333	0.775342	0	0	0	0	0	1	0	0	0	0.412121	0	0	0	0	0	0	0	1	0	0	0	0	0	0.0486875
_D:	"N120_20141011_073000_20141011_075000"	0.3125	0.775342	0	0	0	0	0	1	0	0	0	0.412121	0	0	0	0	0	0	0	1	0	0	0	0	0	0.0618437
_D:	"N120_20141011_070000_20141011_072000"	0.291667	0.775342	0	0	0	0	0	1	0	0	0	0.442424	0	0	0	0	0	0	0	1	0	0	0	0	0	0.30025
_D:	"N120_20141011_063000_20141011_065000"	0.270833	0.775342	0	0	0	0	0	1	0	0	0	0.442424	0	0	0	0	0	0	0	1	0	0	0	0	0	0.0253125
_D:	"N120_20141011_060000_20141011_062000"	0.25	0.775342	0	0	0	0	0	1	0	0	0	0.472727	0	0	0	0	0	0	0	1	0	0	0	0	0	0.0129062
_D:	"N120_20141011_053000_20141011_055000"	0.229167	0.775342	0	0	0	0	0	1	0	0	0	0.472727	0	0	0	0	0	0	0	1	0	0	0	0	0	0.01375
_D:	"N120_20141011_050000_20141011_052000"	0.208333	0.775342	0	0	0	0	0	1	0	0	0	0.50303	0	0	0	0	0	0	0	1	0	0	0	0	0	0.0183125
_D:	"N120_20141011_043000_20141011_045000"	0.1875	0.775342	0	0	0	0	0	1	0	0	0	0.50303	0	0	0	0	0	0	0	1	0	0	0	0	0	0.0235937
_D:	"N120_20141011_040000_20141011_042000"	0.166667	0.775342	0	0	0	0	0	1	0	0	0	0.50303	0	0	0	0	0	0	0	1	0	0	0	0	0	0.022
_D:	"N120_20141011_033000_20141011_035000"	0.145833	0.775342	0	0	0	0	0	1	0	0	0	0.533333	1	0	0	0	0	0	0	0	1	0	0	0	0	0.0219375
_D:	"N120_20141011_030000_20141011_032000"	0.125	0.775342	0	0	0	0	0	1	0	0	0	0.533333	1	0	0	0	0	0	0	0	1	0	0	0	0	0.0218125
_D:	"N120_20141011_023000_20141011_025000"	0.104167	0.775342	0	0	0	0	0	1	0	0	0	0.533333	1	0	0	0	0	0	0	0	1	0	0	0	0	0.0207187
_D:	"N120_20141011_020000_20141011_022000"	0.0833333	0.775342	0	0	0	0	0	1	0	0	0	0.533333	1	0	0	0	0	0	0	0	1	0	0	0	0	0.020875
_D:	"N120_20141011_013000_20141011_015000"	0.0625	0.775342	0	0	0	0	0	1	0	0	0	0.50303	1	0	0	0	0	0	0	0	1	0	0	0	0	0.027
_D:	"N120_20141011_010000_20141011_012000"	0.0416667	0.775342	0	0	0	0	0	1	0	0	0	0.563636	1	0	0	0	0	0	0	0	1	0	0	0	0	0.021
_D:	"N120_20141011_003000_20141011_005000"	0.0208333	0.775342	0	0	0	0	0	1	0	0	0	0.563636	1	0	0	0	0	0	0	0	1	0	0	0	0	0.0207813
_D:	"N120_20141011_000000_20141011_002000"	0	0.775342	0	0	0	0	0	1	0	0	0	0.533333	1	0	0	0	0	0	0	0	1	0	0	0	0	0.020375
_D:	"N120_20141010_233000_20141010_235000"	0.979167	0.772603	0	0	0	0	1	0	0	0	0	0.533333	1	0	0	0	0	0	0	0	1	0	0	0	0	0.0381562
_D:	"N120_20141010_223000_20141010_225000"	0.9375	0.772603	0	0	0	0	1	0	0	0	0	0.50303	1	0	0	0	0	0	0	0	1	0	0	0	0	0.0155313
_D:	"N120_20141010_220000_20141010_222000"	0.916667	0.772603	0	0	0	0	1	0	0	0	0	0.50303	1	0	0	0	0	0	0	0	1	0	0	0	0	0.0124063
_D:	"N120_20141010_213000_20141010_215000"	0.895833	0.772603	0	0	0	0	1	0	0	0	0	0.472727	1	0	0	0	0	0	0	0	1	0	0	0	0	0.319125
_D:	"N120_20141010_210000_20141010_212000"	0.875	0.772603	0	0	0	0	1	0	0	0	0	0.472727	1	0	0	0	0	0	0	0	1	0	0	0	0	0.01875
_D:	"N120_20141010_203000_20141010_205000"	0.854167	0.772603	0	0	0	0	1	0	0	0	0	0.442424	1	0	0	0	0	0	0	0	1	0	0	0	0	0.019875
_D:	"N120_20141010_200000_20141010_202000"	0.833333	0.772603	0	0	0	0	1	0	0	0	0	0.381818	1	0	0	0	0	0	0	0	1	0	0	0	0	0.020625
_D:	"N120_20141010_193000_20141010_195000"	0.8125	0.772603	0	0	0	0	1	0	0	0	0	0.381818	1	0	0	0	0	0	0	0	1	0	0	0	0	0.021875
_D:	"N120_20141010_190000_20141010_192000"	0.791667	0.772603	0	0	0	0	1	0	0	0	0	0.321212	1	0	0	0	0	0	0	0	1	0	0	0	0	0.0194688
_D:	"N120_20141010_183000_20141010_185000"	0.770833	0.772603	0	0	0	0	1	0	0	0	0	0.321212	1	0	0	0	0	0	0	0	1	0	0	0	0	0.0255625
_D:	"N120_20141010_180000_20141010_182000"	0.75	0.772603	0	0	0	0	1	0	0	0	0	0.351515	1	0	0	0	0	0	0	0	1	0	0	0	0	0.0405625
_D:	"N120_20141010_173000_20141010_175000"	0.729167	0.772603	0	0	0	0	1	0	0	0	0	0.351515	0	0	1	0	0	0	0	0	0	0	0	0	0	0.026375
_D:	"N120_20141010_170000_20141010_172000"	0.708333	0.772603	0	0	0	0	1	0	0	0	0	0.351515	0	0	1	0	0	0	0	0	0	0	0	0	0	0.017125
_D:	"N120_20141010_163000_20141010_165000"	0.6875	0.772603	0	0	0	0	1	0	0	0	0	0.381818	0	0	1	0	0	0	0	0	0	0	0	0	0	0.0161875
_D:	"N120_20141010_160000_20141010_162000"	0.666667	0.772603	0	0	0	0	1	0	0	0	0	0.381818	0	0	1	0	0	0	0	0	0	0	0	0	0	0.0156875
_D:	"N120_20141010_153000_20141010_155000"	0.645833	0.772603	0	0	0	0	1	0	0	0	0	0.381818	0	0	1	0	0	0	0	0	0	0	0	0	0	0.014625
_D:	"N120_20141010_150000_20141010_152000"	0.625	0.772603	0	0	0	0	1	0	0	0	0	0.381818	0	0	1	0	0	0	0	0	0	0	0	0	0	0.015625
_D:	"N120_20141010_143000_20141010_145000"	0.604167	0.772603	0	0	0	0	1	0	0	0	0	0.412121	0	0	1	0	0	0	0	0	0	0	0	0	0	0.0155
_D:	"N120_20141010_140000_20141010_142000"	0.583333	0.772603	0	0	0	0	1	0	0	0	0	0.412121	0	0	1	0	0	0	0	0	0	0	0	0	0	0.0157812
_D:	"N120_20141010_133000_20141010_135000"	0.5625	0.772603	0	0	0	0	1	0	0	0	0	0.412121	0	0	1	0	0	0	0	0	0	0	0	0	0	0.0157188
_D:	"N120_20141010_130000_20141010_132000"	0.541667	0.772603	0	0	0	0	1	0	0	0	0	0.412121	0	0	1	0	0	0	0	0	0	0	0	0	0	0.0156562
_D:	"N120_20141010_123000_20141010_125000"	0.520833	0.772603	0	0	0	0	1	0	0	0	0	0.412121	0	0	1	0	0	0	0	0	0	0	0	0	0	0.0168125
_D:	"N120_20141010_120000_20141010_122000"	0.5	0.772603	0	0	0	0	1	0	0	0	0	0.412121	0	0	1	0	0	0	0	0	0	0	0	0	0	0.0169375
_D:	"N120_20141010_113000_20141010_115000"	0.479167	0.772603	0	0	0	0	1	0	0	0	0	0.412121	0	0	1	0	0	0	0	0	0	0	0	0	0	0.017
_D:	"N120_20141010_103000_20141010_105000"	0.4375	0.772603	0	0	0	0	1	0	0	0	0	0.412121	0	0	1	0	0	0	0	0	0	0	0	0	0	0.0170937
_D:	"N120_20141010_100000_20141010_102000"	0.416667	0.772603	0	0	0	0	1	0	0	0	0	0.412121	0	0	1	0	0	0	0	0	0	0	0	0	0	0.0221875
_D:	"N120_20141010_093000_20141010_095000"	0.395833	0.772603	0	0	0	0	1	0	0	0	0	0.412121	0	0	1	0	0	0	0	0	0	0	0	0	0	0.0470937
_D:	"N120_20141010_090000_20141010_092000"	0.375	0.772603	0	0	0	0	1	0	0	0	0	0.412121	0	0	1	0	0	0	0	0	0	0	0	0	0	0.33475
_D:	"N120_20141010_083000_20141010_085000"	0.354167	0.772603	0	0	0	0	1	0	0	0	0	0.412121	0	0	1	0	0	0	0	0	0	0	0	0	0	0.309625
_D:	"N120_20141010_080000_20141010_082000"	0.333333	0.772603	0	0	0	0	1	0	0	0	0	0.412121	0	0	1	0	0	0	0	0	0	0	0	0	0	0.0456562
_D:	"N120_20141010_073000_20141010_075000"	0.3125	0.772603	0	0	0	0	1	0	0	0	0	0.412121	0	0	1	0	0	0	0	0	0	0	0	0	0	0.155469
_D:	"N120_20141010_070000_20141010_072000"	0.291667	0.772603	0	0	0	0	1	0	0	0	0	0.442424	0	0	1	0	0	0	0	0	0	0	0	0	0	0.31475
_D:	"N120_20141010_063000_20141010_065000"	0.270833	0.772603	0	0	0	0	1	0	0	0	0	0.472727	0	0	1	0	0	0	0	0	0	0	0	0	0	0.272469
_D:	"N120_20141010_060000_20141010_062000"	0.25	0.772603	0	0	0	0	1	0	0	0	0	0.472727	0	0	1	0	0	0	0	0	0	0	0	0	0	0.04875
_D:	"N120_20141010_053000_20141010_055000"	0.229167	0.772603	0	0	0	0	1	0	0	0	0	0.50303	0	0	1	0	0	0	0	0	0	0	0	0	0	0.0226563
_D:	"N120_20141010_050000_20141010_052000"	0.208333	0.772603	0	0	0	0	1	0	0	0	0	0.533333	0	0	1	0	0	0	0	0	0	0	0	0	0	0.0225937
_D:	"N120_20141010_043000_20141010_045000"	0.1875	0.772603	0	0	0	0	1	0	0	0	0	0.533333	0	0	1	0	0	0	0	0	0	0	0	0	0	0.0218125
_D:	"N120_20141010_033000_20141010_035000"	0.145833	0.772603	0	0	0	0	1	0	0	0	0	0.563636	0	0	0	0	0	1	0	0	0	0	0	0	0	0.105969
_D:	"N120_20141010_030000_20141010_032000"	0.125	0.772603	0	0	0	0	1	0	0	0	0	0.563636	0	0	0	0	0	1	0	0	0	0	0	0	0	0.101313
_D:	"N120_20141010_023000_20141010_025000"	0.104167	0.772603	0	0	0	0	1	0	0	0	0	0.563636	0	0	0	0	0	1	0	0	0	0	0	0	0	0.173469
_D:	"N120_20141010_020000_20141010_022000"	0.0833333	0.772603	0	0	0	0	1	0	0	0	0	0.563636	0	0	0	0	0	1	0	0	0	0	0	0	0	0.0425312
_D:	"N120_20141010_013000_20141010_015000"	0.0625	0.772603	0	0	0	0	1	0	0	0	0	0.563636	0	0	0	0	0	1	0	0	0	0	0	0	0	0.03125
_D:	"N120_20141010_010000_20141010_012000"	0.0416667	0.772603	0	0	0	0	1	0	0	0	0	0.563636	0	0	0	0	0	1	0	0	0	0	0	0	0	0.0354375
_D:	"N120_20141010_003000_20141010_005000"	0.0208333	0.772603	0	0	0	0	1	0	0	0	0	0.533333	0	0	0	0	0	1	0	0	0	0	0	0	0	0.0713437
_D:	"N120_20141010_000000_20141010_002000"	0	0.772603	0	0	0	0	1	0	0	0	0	0.533333	0	0	0	0	0	1	0	0	0	0	0	0	0	0.0375625
_D:	"N120_20141009_233000_20141009_235000"	0.979167	0.769863	0	0	0	1	0	0	0	0	0	0.50303	0	0	0	0	0	1	0	0	0	0	0	0	0	0.0250937
_D:	"N120_20141009_223000_20141009_225000"	0.9375	0.769863	0	0	0	1	0	0	0	0	0	0.472727	0	0	0	0	0	1	0	0	0	0	0	0	0	0.0242187
_D:	"N120_20141009_220000_20141009_222000"	0.916667	0.769863	0	0	0	1	0	0	0	0	0	0.472727	0	0	0	0	0	1	0	0	0	0	0	0	0	0.0254687
_D:	"N120_20141009_213000_20141009_215000"	0.895833	0.769863	0	0	0	1	0	0	0	0	0	0.442424	0	0	0	0	0	1	0	0	0	0	0	0	0	0.142687
_D:	"N120_20141009_210000_20141009_212000"	0.875	0.769863	0	0	0	1	0	0	0	0	0	0.442424	0	0	0	0	0	1	0	0	0	0	0	0	0	0.170469
_D:	"N120_20141009_203000_20141009_205000"	0.854167	0.769863	0	0	0	1	0	0	0	0	0	0.412121	0	0	0	0	0	1	0	0	0	0	0	0	0	0.0145313
_D:	"N120_20141009_200000_20141009_202000"	0.833333	0.769863	0	0	0	1	0	0	0	0	0	0.381818	0	0	0	0	0	1	0	0	0	0	0	0	0	0.388906
_D:	"N120_20141009_193000_20141009_195000"	0.8125	0.769863	0	0	0	1	0	0	0	0	0	0.381818	0	0	0	0	0	1	0	0	0	0	0	0	0	0.308656
_D:	"N120_20141009_190000_20141009_192000"	0.791667	0.769863	0	0	0	1	0	0	0	0	0	0.351515	0	0	0	0	0	1	0	0	0	0	0	0	0	0.0170937
_D:	"N120_20141009_183000_20141009_185000"	0.770833	0.769863	0	0	0	1	0	0	0	0	0	0.351515	0	0	0	0	0	1	0	0	0	0	0	0	0	0.195937
_D:	"N120_20141009_180000_20141009_182000"	0.75	0.769863	0	0	0	1	0	0	0	0	0	0.351515	0	0	0	0	0	1	0	0	0	0	0	0	0	0.0148437
_D:	"N120_20141009_173000_20141009_175000"	0.729167	0.769863	0	0	0	1	0	0	0	0	0	0.351515	0	0	0	0	0	1	0	0	0	0	0	0	0	0.0155
_D:	"N120_20141009_170000_20141009_172000"	0.708333	0.769863	0	0	0	1	0	0	0	0	0	0.351515	0	0	0	0	0	1	0	0	0	0	0	0	0	0.0134687
_D:	"N120_20141009_163000_20141009_165000"	0.6875	0.769863	0	0	0	1	0	0	0	0	0	0.351515	0	0	0	0	0	1	0	0	0	0	0	0	0	0.0147187
_D:	"N120_20141009_160000_20141009_162000"	0.666667	0.769863	0	0	0	1	0	0	0	0	0	0.351515	0	0	0	0	0	1	0	0	0	0	0	0	0	0.013625
_D:	"N120_20141009_153000_20141009_155000"	0.645833	0.769863	0	0	0	1	0	0	0	0	0	0.351515	0	0	0	0	0	1	0	0	0	0	0	0	0	0.0136875
_D:	"N120_20141009_150000_20141009_152000"	0.625	0.769863	0	0	0	1	0	0	0	0	0	0.351515	0	0	0	0	0	1	0	0	0	0	0	0	0	0.0146875
_D:	"N120_20141009_143000_20141009_145000"	0.604167	0.769863	0	0	0	1	0	0	0	0	0	0.381818	0	0	0	0	0	1	0	0	0	0	0	0	0	0.013875
_D:	"N120_20141009_140000_20141009_142000"	0.583333	0.769863	0	0	0	1	0	0	0	0	0	0.381818	0	0	0	0	0	1	0	0	0	0	0	0	0	0.0137813
_D:	"N120_20141009_133000_20141009_135000"	0.5625	0.769863	0	0	0	1	0	0	0	0	0	0.381818	0	0	0	0	0	1	0	0	0	0	0	0	0	0.0149375
_D:	"N120_20141009_130000_20141009_132000"	0.541667	0.769863	0	0	0	1	0	0	0	0	0	0.412121	0	0	0	0	0	1	0	0	0	0	0	0	0	0.01625
_D:	"N120_20141009_123000_20141009_125000"	0.520833	0.769863	0	0	0	1	0	0	0	0	0	0.412121	0	0	0	0	0	1	0	0	0	0	0	0	0	0.0143125
_D:	"N120_20141009_120000_20141009_122000"	0.5	0.769863	0	0	0	1	0	0	0	0	0	0.412121	0	0	0	0	0	1	0	0	0	0	0	0	0	0.0154375
_D:	"N120_20141009_113000_20141009_115000"	0.479167	0.769863	0	0	0	1	0	0	0	0	0	0.412121	0	0	0	0	0	1	0	0	0	0	0	0	0	0.0160625
_D:	"N120_20141009_103000_20141009_105000"	0.4375	0.769863	0	0	0	1	0	0	0	0	0	0.412121	0	0	0	0	0	1	0	0	0	0	0	0	0	0.0675313
_D:	"N120_20141009_100000_20141009_102000"	0.416667	0.769863	0	0	0	1	0	0	0	0	0	0.412121	0	0	0	0	0	1	0	0	0	0	0	0	0	0.301844
_D:	"N120_20141009_093000_20141009_095000"	0.395833	0.769863	0	0	0	1	0	0	0	0	0	0.412121	0	0	0	0	0	1	0	0	0	0	0	0	0	0.0965938
_D:	"N120_20141009_090000_20141009_092000"	0.375	0.769863	0	0	0	1	0	0	0	0	0	0.412121	0	0	0	0	0	1	0	0	0	0	0	0	0	0.0112187
_D:	"N120_20141009_083000_20141009_085000"	0.354167	0.769863	0	0	0	1	0	0	0	0	0	0.412121	0	0	0	0	0	1	0	0	0	0	0	0	0	0.0102812
_D:	"N120_20141009_080000_20141009_082000"	0.333333	0.769863	0	0	0	1	0	0	0	0	0	0.412121	0	0	0	0	0	1	0	0	0	0	0	0	0	0.01025
_D:	"N120_20141009_073000_20141009_075000"	0.3125	0.769863	0	0	0	1	0	0	0	0	0	0.412121	0	0	0	0	0	1	0	0	0	0	0	0	0	0.0101875
_D:	"N120_20141009_070000_20141009_072000"	0.291667	0.769863	0	0	0	1	0	0	0	0	0	0.412121	0	0	0	0	0	1	0	0	0	0	0	0	0	0.00928125
_D:	"N120_20141009_063000_20141009_065000"	0.270833	0.769863	0	0	0	1	0	0	0	0	0	0.412121	0	0	0	0	0	1	0	0	0	0	0	0	0	0.011375
_D:	"N120_20141009_060000_20141009_062000"	0.25	0.769863	0	0	0	1	0	0	0	0	0	0.412121	0	0	0	0	0	1	0	0	0	0	0	0	0	0.00975
_D:	"N120_20141009_053000_20141009_055000"	0.229167	0.769863	0	0	0	1	0	0	0	0	0	0.442424	0	0	0	0	0	1	0	0	0	0	0	0	0	0.0105937
_D:	"N120_20141009_050000_20141009_052000"	0.208333	0.769863	0	0	0	1	0	0	0	0	0	0.442424	0	0	0	0	0	1	0	0	0	0	0	0	0	0.016625
_D:	"N120_20141009_043000_20141009_045000"	0.1875	0.769863	0	0	0	1	0	0	0	0	0	0.472727	0	0	0	0	0	1	0	0	0	0	0	0	0	0.0404375
_D:	"N120_20141009_040000_20141009_042000"	0.166667	0.769863	0	0	0	1	0	0	0	0	0	0.472727	0	0	0	0	0	1	0	0	0	0	0	0	0	0.0360937
_D:	"N120_20141009_033000_20141009_035000"	0.145833	0.769863	0	0	0	1	0	0	0	0	0	0.472727	0	0	0	0	0	0	0	1	0	0	0	0	0	0.023625
_D:	"N120_20141009_030000_20141009_032000"	0.125	0.769863	0	0	0	1	0	0	0	0	0	0.50303	0	0	0	0	0	0	0	1	0	0	0	0	0	0.024375
_D:	"N120_20141009_023000_20141009_025000"	0.104167	0.769863	0	0	0	1	0	0	0	0	0	0.50303	0	0	0	0	0	0	0	1	0	0	0	0	0	0.0235625
_D:	"N120_20141009_020000_20141009_022000"	0.0833333	0.769863	0	0	0	1	0	0	0	0	0	0.472727	0	0	0	0	0	0	0	1	0	0	0	0	0	0.0405625
_D:	"N120_20141009_013000_20141009_015000"	0.0625	0.769863	0	0	0	1	0	0	0	0	0	0.50303	0	0	0	0	0	0	0	1	0	0	0	0	0	0.0324688
_D:	"N120_20141009_010000_20141009_012000"	0.0416667	0.769863	0	0	0	1	0	0	0	0	0	0.533333	0	0	0	0	0	0	0	1	0	0	0	0	0	0.0379375
_D:	"N120_20141009_003000_20141009_005000"	0.0208333	0.769863	0	0	0	1	0	0	0	0	0	0.50303	0	0	0	0	0	0	0	1	0	0	0	0	0	0.0219375
_D:	"N120_20141009_000000_20141009_002000"	0	0.769863	0	0	0	1	0	0	0	0	0	0.50303	0	0	0	0	0	0	0	1	0	0	0	0	0	0.0790313
_D:	"N120_20141008_233000_20141008_235000"	0.979167	0.767123	0	0	1	0	0	0	0	0	0	0.472727	0	0	0	0	0	0	0	1	0	0	0	0	0	0.0706562
_D:	"N120_20141008_223000_20141008_225000"	0.9375	0.767123	0	0	1	0	0	0	0	0	0	0.50303	0	0	0	0	0	0	0	1	0	0	0	0	0	0.133031
_D:	"N120_20141008_220000_20141008_222000"	0.916667	0.767123	0	0	1	0	0	0	0	0	0	0.472727	0	0	0	0	0	0	0	1	0	0	0	0	0	0.136969
_D:	"N120_20141008_213000_20141008_215000"	0.895833	0.767123	0	0	1	0	0	0	0	0	0	0.442424	0	0	0	0	0	0	0	1	0	0	0	0	0	0.193844
_D:	"N120_20141008_210000_20141008_212000"	0.875	0.767123	0	0	1	0	0	0	0	0	0	0.442424	0	0	0	0	0	0	0	1	0	0	0	0	0	0.2555
_D:	"N120_20141008_203000_20141008_205000"	0.854167	0.767123	0	0	1	0	0	0	0	0	0	0.442424	0	0	0	0	0	0	0	1	0	0	0	0	0	0.219812
_D:	"N120_20141008_200000_20141008_202000"	0.833333	0.767123	0	0	1	0	0	0	0	0	0	0.442424	0	0	0	0	0	0	0	1	0	0	0	0	0	0.238531
_D:	"N120_20141008_193000_20141008_195000"	0.8125	0.767123	0	0	1	0	0	0	0	0	0	0.442424	0	0	0	0	0	0	0	1	0	0	0	0	0	0.220969
_D:	"N120_20141008_190000_20141008_192000"	0.791667	0.767123	0	0	1	0	0	0	0	0	0	0.412121	0	0	0	0	0	0	0	1	0	0	0	0	0	0.218594
_D:	"N120_20141008_183000_20141008_185000"	0.770833	0.767123	0	0	1	0	0	0	0	0	0	0.412121	0	0	0	0	0	0	0	1	0	0	0	0	0	0.400531
_D:	"N120_20141008_180000_20141008_182000"	0.75	0.767123	0	0	1	0	0	0	0	0	0	0.412121	0	0	0	0	0	0	0	1	0	0	0	0	0	0.195031
_D:	"N120_20141008_173000_20141008_175000"	0.729167	0.767123	0	0	1	0	0	0	0	0	0	0.412121	0	0	0	0	0	0	0	1	0	0	0	0	0	0.00734375
_D:	"N120_20141008_170000_20141008_172000"	0.708333	0.767123	0	0	1	0	0	0	0	0	0	0.412121	0	0	0	0	0	0	0	1	0	0	0	0	0	0.00871875
_D:	"N120_20141008_163000_20141008_165000"	0.6875	0.767123	0	0	1	0	0	0	0	0	0	0.442424	0	0	0	0	0	0	0	1	0	0	0	0	0	0.008125
_D:	"N120_20141008_160000_20141008_162000"	0.666667	0.767123	0	0	1	0	0	0	0	0	0	0.412121	0	0	0	0	0	0	0	1	0	0	0	0	0	0.0119687
_D:	"N120_20141008_153000_20141008_155000"	0.645833	0.767123	0	0	1	0	0	0	0	0	0	0.442424	0	0	0	0	0	0	0	1	0	0	0	0	0	0.0145938
_D:	"N120_20141008_150000_20141008_152000"	0.625	0.767123	0	0	1	0	0	0	0	0	0	0.472727	0	0	0	0	0	0	0	1	0	0	0	0	0	0.015625
_D:	"N120_20141008_143000_20141008_145000"	0.604167	0.767123	0	0	1	0	0	0	0	0	0	0.472727	0	0	0	0	0	0	0	1	0	0	0	0	0	0.015625
_D:	"N120_20141008_140000_20141008_142000"	0.583333	0.767123	0	0	1	0	0	0	0	0	0	0.472727	0	0	0	0	0	0	0	1	0	0	0	0	0	0.0166875
_D:	"N120_20141008_133000_20141008_135000"	0.5625	0.767123	0	0	1	0	0	0	0	0	0	0.472727	0	0	0	0	0	0	0	1	0	0	0	0	0	0.0145313
_D:	"N120_20141008_130000_20141008_132000"	0.541667	0.767123	0	0	1	0	0	0	0	0	0	0.50303	0	0	0	0	0	0	0	1	0	0	0	0	0	0.0123125
_D:	"N120_20141008_123000_20141008_125000"	0.520833	0.767123	0	0	1	0	0	0	0	0	0	0.50303	0	0	0	0	0	0	0	1	0	0	0	0	0	0.00971875
_D:	"N120_20141008_120000_20141008_122000"	0.5	0.767123	0	0	1	0	0	0	0	0	0	0.50303	0	0	0	0	0	0	0	1	0	0	0	0	0	0.00840625
_D:	"N120_20141008_113000_20141008_115000"	0.479167	0.767123	0	0	1	0	0	0	0	0	0	0.50303	0	0	0	0	0	0	0	1	0	0	0	0	0	0.005625
_D:	"N120_20141008_103000_20141008_105000"	0.4375	0.767123	0	0	1	0	0	0	0	0	0	0.472727	0	0	0	0	0	0	0	0	0	0	0	0	0	0.178937
_D:	"N120_20141008_100000_20141008_102000"	0.416667	0.767123	0	0	1	0	0	0	0	0	0	0.50303	0	0	0	0	0	0	0	0	0	0	0	0	0	0.420188
_D:	"N120_20141008_093000_20141008_095000"	0.395833	0.767123	0	0	1	0	0	0	0	0	0	0.472727	0	0	0	0	0	0	0	0	0	0	0	0	0	0.574625
_D:	"N120_20141008_090000_20141008_092000"	0.375	0.767123	0	0	1	0	0	0	0	0	0	0.472727	0	0	0	0	0	0	0	0	0	0	0	0	0	0.15275
_D:	"N120_20141008_083000_20141008_085000"	0.354167	0.767123	0	0	1	0	0	0	0	0	0	0.472727	0	0	0	0	0	0	0	0	0	0	0	0	0	0.504219
_D:	"N120_20141008_080000_20141008_082000"	0.333333	0.767123	0	0	1	0	0	0	0	0	0	0.472727	0	0	0	0	0	0	0	0	0	0	0	0	0	0.326688
_D:	"N120_20141008_073000_20141008_075000"	0.3125	0.767123	0	0	1	0	0	0	0	0	0	0.472727	0	0	0	0	0	0	0	0	0	0	0	0	0	0.162781
_D:	"N120_20141008_070000_20141008_072000"	0.291667	0.767123	0	0	1	0	0	0	0	0	0	0.50303	0	0	0	0	0	0	0	0	0	0	0	0	0	0.142188
_D:	"N120_20141008_063000_20141008_065000"	0.270833	0.767123	0	0	1	0	0	0	0	0	0	0.50303	0	0	0	0	0	0	0	0	0	0	0	0	0	0.203875
_D:	"N120_20141008_060000_20141008_062000"	0.25	0.767123	0	0	1	0	0	0	0	0	0	0.50303	0	0	0	0	0	0	0	0	0	0	0	0	0	0.0273438
_D:	"N120_20141008_053000_20141008_055000"	0.229167	0.767123	0	0	1	0	0	0	0	0	0	0.533333	0	0	0	0	0	0	0	0	0	0	0	0	0	0.058875
_D:	"N120_20141008_050000_20141008_052000"	0.208333	0.767123	0	0	1	0	0	0	0	0	0	0.563636	0	0	0	0	0	0	0	0	0	0	0	0	0	0.0255938
_D:	"N120_20141008_043000_20141008_045000"	0.1875	0.767123	0	0	1	0	0	0	0	0	0	0.563636	0	0	0	0	0	0	0	0	0	0	0	0	0	0.026625
_D:	"N120_20141008_040000_20141008_042000"	0.166667	0.767123	0	0	1	0	0	0	0	0	0	0.593939	0	0	0	0	0	0	0	0	0	0	0	0	0	0.0372187
_D:	"N120_20141008_033000_20141008_035000"	0.145833	0.767123	0	0	1	0	0	0	0	0	0	0.593939	0	0	0	0	0	0	0	0	0	0	0	0	0	0.0284375
_D:	"N120_20141008_030000_20141008_032000"	0.125	0.767123	0	0	1	0	0	0	0	0	0	0.593939	0	0	0	0	0	0	0	0	0	0	0	0	0	0.0773437
_D:	"N120_20141008_023000_20141008_025000"	0.104167	0.767123	0	0	1	0	0	0	0	0	0	0.563636	0	0	0	0	0	0	0	0	0	0	0	0	0	0.111031
_D:	"N120_20141008_020000_20141008_022000"	0.0833333	0.767123	0	0	1	0	0	0	0	0	0	0.533333	0	0	0	0	0	0	0	0	0	0	0	0	0	0.07825
_D:	"N120_20141008_013000_20141008_015000"	0.0625	0.767123	0	0	1	0	0	0	0	0	0	0.533333	0	0	0	0	0	0	0	0	0	0	0	0	0	0.0214375
_D:	"N120_20141008_010000_20141008_012000"	0.0416667	0.767123	0	0	1	0	0	0	0	0	0	0.533333	0	0	0	0	0	0	0	0	0	0	0	0	0	0.04575
_D:	"N120_20141008_003000_20141008_005000"	0.0208333	0.767123	0	0	1	0	0	0	0	0	0	0.533333	0	0	0	0	0	0	0	1	0	0	0	0	0	0.019625
_D:	"N120_20141008_000000_20141008_002000"	0	0.767123	0	0	1	0	0	0	0	0	0	0.533333	0	0	0	0	0	0	0	1	0	0	0	0	0	0.169781
_D:	"N120_20141007_233000_20141007_235000"	0.979167	0.764384	0	1	0	0	0	0	0	0	0	0.50303	0	0	0	0	0	0	0	1	0	0	0	0	0	0.049375
_D:	"N120_20141007_223000_20141007_225000"	0.9375	0.764384	0	1	0	0	0	0	0	0	0	0.472727	0	0	0	0	0	0	0	1	0	0	0	0	0	0.0479375
_D:	"N120_20141007_220000_20141007_222000"	0.916667	0.764384	0	1	0	0	0	0	0	0	0	0.472727	0	0	0	0	0	0	0	1	0	0	0	0	0	0.0174688
_D:	"N120_20141007_213000_20141007_215000"	0.895833	0.764384	0	1	0	0	0	0	0	0	0	0.472727	0	0	0	0	0	0	0	1	0	0	0	0	0	0.0802187
_D:	"N120_20141007_210000_20141007_212000"	0.875	0.764384	0	1	0	0	0	0	0	0	0	0.442424	0	0	0	0	0	0	0	1	0	0	0	0	0	0.0406875
_D:	"N120_20141007_203000_20141007_205000"	0.854167	0.764384	0	1	0	0	0	0	0	0	0	0.442424	0	0	0	0	0	0	0	1	0	0	0	0	0	0.289781
_D:	"N120_20141007_200000_20141007_202000"	0.833333	0.764384	0	1	0	0	0	0	0	0	0	0.442424	0	0	0	0	0	0	0	1	0	0	0	0	0	0.450375
_D:	"N120_20141007_193000_20141007_195000"	0.8125	0.764384	0	1	0	0	0	0	0	0	0	0.412121	0	0	0	0	0	0	0	1	0	0	0	0	0	0.44825
_D:	"N120_20141007_190000_20141007_192000"	0.791667	0.764384	0	1	0	0	0	0	0	0	0	0.351515	0	0	0	0	0	0	0	1	0	0	0	0	0	0.192
_D:	"N120_20141007_183000_20141007_185000"	0.770833	0.764384	0	1	0	0	0	0	0	0	0	0.321212	0	0	1	0	0	0	0	0	0	0	0	0	0	0.225688
_D:	"N120_20141007_180000_20141007_182000"	0.75	0.764384	0	1	0	0	0	0	0	0	0	0.230303	0	0	1	0	0	0	0	0	0	0	0	0	0	0.222344
_D:	"N120_20141007_173000_20141007_175000"	0.729167	0.764384	0	1	0	0	0	0	0	0	0	0.260606	0	0	1	0	0	0	0	0	0	0	0	0	0	0.200656
_D:	"N120_20141007_170000_20141007_172000"	0.708333	0.764384	0	1	0	0	0	0	0	0	0	0.260606	0	0	1	0	0	0	0	0	0	0	0	0	0	0.0143125
_D:	"N120_20141007_163000_20141007_165000"	0.6875	0.764384	0	1	0	0	0	0	0	0	0	0.260606	0	0	1	0	0	0	0	0	0	0	0	0	0	0.0144062
_D:	"N120_20141007_160000_20141007_162000"	0.666667	0.764384	0	1	0	0	0	0	0	0	0	0.230303	0	0	1	0	0	0	0	0	0	0	0	0	0	0.0157188
_D:	"N120_20141007_153000_20141007_155000"	0.645833	0.764384	0	1	0	0	0	0	0	0	0	0.260606	0	0	1	0	0	0	0	0	0	0	0	0	0	0.0235625
_D:	"N120_20141007_150000_20141007_152000"	0.625	0.764384	0	1	0	0	0	0	0	0	0	0.290909	0	0	1	0	0	0	0	0	0	0	0	0	0	0.0125937
_D:	"N120_20141007_143000_20141007_145000"	0.604167	0.764384	0	1	0	0	0	0	0	0	0	0.290909	0	0	1	0	0	0	0	0	0	0	0	0	0	0.0109063
_D:	"N120_20141007_140000_20141007_142000"	0.583333	0.764384	0	1	0	0	0	0	0	0	0	0.290909	0	0	1	0	0	0	0	0	0	0	0	0	0	0.0090625
_D:	"N120_20141007_133000_20141007_135000"	0.5625	0.764384	0	1	0	0	0	0	0	0	0	0.321212	0	0	1	0	0	0	0	0	0	0	0	0	0	0.00696875
_D:	"N120_20141007_130000_20141007_132000"	0.541667	0.764384	0	1	0	0	0	0	0	0	0	0.290909	0	0	1	0	0	0	0	0	0	0	0	0	0	0.006125
_D:	"N120_20141007_123000_20141007_125000"	0.520833	0.764384	0	1	0	0	0	0	0	0	0	0.290909	0	0	1	0	0	0	0	0	0	0	0	0	0	0.00721875
_D:	"N120_20141007_120000_20141007_122000"	0.5	0.764384	0	1	0	0	0	0	0	0	0	0.290909	0	0	0	0	0	0	0	1	0	0	0	0	0	0.00971875
_D:	"N120_20141007_113000_20141007_115000"	0.479167	0.764384	0	1	0	0	0	0	0	0	0	0.290909	0	0	0	0	0	0	0	1	0	0	0	0	0	0.0125937
_D:	"N120_20141007_103000_20141007_105000"	0.4375	0.764384	0	1	0	0	0	0	0	0	0	0.290909	1	0	0	0	0	0	0	0	1	0	0	0	0	0.016375
_D:	"N120_20141007_100000_20141007_102000"	0.416667	0.764384	0	1	0	0	0	0	0	0	0	0.321212	1	0	0	0	0	0	0	0	1	0	0	0	0	0.0195937
_D:	"N120_20141007_093000_20141007_095000"	0.395833	0.764384	0	1	0	0	0	0	0	0	0	0.351515	1	0	0	0	0	0	0	0	1	0	0	0	0	0.0237812
_D:	"N120_20141007_090000_20141007_092000"	0.375	0.764384	0	1	0	0	0	0	0	0	0	0.351515	1	0	0	0	0	0	0	0	1	0	0	0	0	0.260312
_D:	"N120_20141007_083000_20141007_085000"	0.354167	0.764384	0	1	0	0	0	0	0	0	0	0.351515	1	0	0	0	0	0	0	0	1	0	0	0	0	0.251906
_D:	"N120_20141007_080000_20141007_082000"	0.333333	0.764384	0	1	0	0	0	0	0	0	0	0.351515	1	0	0	0	0	0	0	0	1	0	0	0	0	0.347781
_D:	"N120_20141007_073000_20141007_075000"	0.3125	0.764384	0	1	0	0	0	0	0	0	0	0.381818	1	0	0	0	0	0	0	0	1	0	0	0	0	0.134875
_D:	"N120_20141007_070000_20141007_072000"	0.291667	0.764384	0	1	0	0	0	0	0	0	0	0.381818	1	0	0	0	0	0	0	0	1	0	0	0	0	0.104656
_D:	"N120_20141007_063000_20141007_065000"	0.270833	0.764384	0	1	0	0	0	0	0	0	0	0.381818	1	0	0	0	0	0	0	0	1	0	0	0	0	0.0724375
_D:	"N120_20141007_060000_20141007_062000"	0.25	0.764384	0	1	0	0	0	0	0	0	0	0.412121	1	0	0	0	0	0	0	0	1	0	0	0	0	0.189437
_D:	"N120_20141007_053000_20141007_055000"	0.229167	0.764384	0	1	0	0	0	0	0	0	0	0.442424	1	0	0	0	0	0	0	0	1	0	0	0	0	0.302219
_D:	"N120_20141007_050000_20141007_052000"	0.208333	0.764384	0	1	0	0	0	0	0	0	0	0.442424	1	0	0	0	0	0	0	0	1	0	0	0	0	0.0231562
_D:	"N120_20141007_043000_20141007_045000"	0.1875	0.764384	0	1	0	0	0	0	0	0	0	0.472727	1	0	0	0	0	0	0	0	1	0	0	0	0	0.0232813
_D:	"N120_20141007_040000_20141007_042000"	0.166667	0.764384	0	1	0	0	0	0	0	0	0	0.472727	1	0	0	0	0	0	0	0	1	0	0	0	0	0.0234375
_D:	"N120_20141007_033000_20141007_035000"	0.145833	0.764384	0	1	0	0	0	0	0	0	0	0.472727	1	0	0	0	0	0	0	0	1	0	0	0	0	0.0209375
_D:	"N120_20141007_030000_20141007_032000"	0.125	0.764384	0	1	0	0	0	0	0	0	0	0.472727	1	0	0	0	0	0	0	0	1	0	0	0	0	0.0198125
_D:	"N120_20141007_023000_20141007_025000"	0.104167	0.764384	0	1	0	0	0	0	0	0	0	0.472727	1	0	0	0	0	0	0	0	1	0	0	0	0	0.028
_D:	"N120_20141007_020000_20141007_022000"	0.0833333	0.764384	0	1	0	0	0	0	0	0	0	0.472727	1	0	0	0	0	0	0	0	1	0	0	0	0	0.0345625
_D:	"N120_20141007_010000_20141007_012000"	0.0416667	0.764384	0	1	0	0	0	0	0	0	0	0.472727	1	0	0	0	0	0	0	0	1	0	0	0	0	0.0660625
_D:	"N120_20141007_003000_20141007_005000"	0.0208333	0.764384	0	1	0	0	0	0	0	0	0	0.472727	1	0	0	0	0	0	0	0	1	0	0	0	0	0.0213125
_D:	"N120_20141007_000000_20141007_002000"	0	0.764384	0	1	0	0	0	0	0	0	0	0.472727	1	0	0	0	0	0	0	0	1	0	0	0	0	0.0211562
_D:	"N120_20141006_223000_20141006_225000"	0.9375	0.761644	1	0	0	0	0	0	0	0	0	0.442424	1	0	0	0	0	0	0	0	1	0	0	0	0	0.023125
_D:	"N120_20141006_220000_20141006_222000"	0.916667	0.761644	1	0	0	0	0	0	0	0	0	0.472727	0	0	1	0	0	0	0	0	0	0	0	0	0	0.0239688
_D:	"N120_20141006_213000_20141006_215000"	0.895833	0.761644	1	0	0	0	0	0	0	0	0	0.442424	0	0	1	0	0	0	0	0	0	0	0	0	0	0.0359063
_D:	"N120_20141006_210000_20141006_212000"	0.875	0.761644	1	0	0	0	0	0	0	0	0	0.442424	0	0	1	0	0	0	0	0	0	0	0	0	0	0.0832188
_D:	"N120_20141006_203000_20141006_205000"	0.854167	0.761644	1	0	0	0	0	0	0	0	0	0.442424	0	0	1	0	0	0	0	0	0	0	0	0	0	0.4815
_D:	"N120_20141006_200000_20141006_202000"	0.833333	0.761644	1	0	0	0	0	0	0	0	0	0.412121	0	0	1	0	0	0	0	0	0	0	0	0	0	0.529781
_D:	"N120_20141006_193000_20141006_195000"	0.8125	0.761644	1	0	0	0	0	0	0	0	0	0.412121	0	0	1	0	0	0	0	0	0	0	0	0	0	0.458406
_D:	"N120_20141006_190000_20141006_192000"	0.791667	0.761644	1	0	0	0	0	0	0	0	0	0.381818	0	0	1	0	0	0	0	0	0	0	0	0	0	0.498313
_D:	"N120_20141006_183000_20141006_185000"	0.770833	0.761644	1	0	0	0	0	0	0	0	0	0.381818	0	0	1	0	0	0	0	0	0	0	0	0	0	0.286031
_D:	"N120_20141006_180000_20141006_182000"	0.75	0.761644	1	0	0	0	0	0	0	0	0	0.381818	0	0	1	0	0	0	0	0	0	0	0	0	0	0.129875
_D:	"N120_20141006_173000_20141006_175000"	0.729167	0.761644	1	0	0	0	0	0	0	0	0	0.381818	0	0	1	0	0	0	0	0	0	0	0	0	0	0.010875
_D:	"N120_20141006_170000_20141006_172000"	0.708333	0.761644	1	0	0	0	0	0	0	0	0	0.381818	0	0	1	0	0	0	0	0	0	0	0	0	0	0.0109063
_D:	"N120_20141006_163000_20141006_165000"	0.6875	0.761644	1	0	0	0	0	0	0	0	0	0.381818	0	0	1	0	0	0	0	0	0	0	0	0	0	0.00996875
_D:	"N120_20141006_160000_20141006_162000"	0.666667	0.761644	1	0	0	0	0	0	0	0	0	0.381818	0	0	1	0	0	0	0	0	0	0	0	0	0	0.0090625
_D:	"N120_20141006_153000_20141006_155000"	0.645833	0.761644	1	0	0	0	0	0	0	0	0	0.351515	0	0	1	0	0	0	0	0	0	0	0	0	0	0.00903125
_D:	"N120_20141006_150000_20141006_152000"	0.625	0.761644	1	0	0	0	0	0	0	0	0	0.321212	0	0	1	0	0	0	0	0	0	0	0	0	0	0.00809375
_D:	"N120_20141006_143000_20141006_145000"	0.604167	0.761644	1	0	0	0	0	0	0	0	0	0.381818	0	0	1	0	0	0	0	0	0	0	0	0	0	0.007125
_D:	"N120_20141006_140000_20141006_142000"	0.583333	0.761644	1	0	0	0	0	0	0	0	0	0.381818	0	0	1	0	0	0	0	0	0	0	0	0	0	0.00746875
_D:	"N120_20141006_133000_20141006_135000"	0.5625	0.761644	1	0	0	0	0	0	0	0	0	0.381818	0	0	1	0	0	0	0	0	0	0	0	0	0	0.00625
_D:	"N120_20141006_130000_20141006_132000"	0.541667	0.761644	1	0	0	0	0	0	0	0	0	0.351515	0	0	1	0	0	0	0	0	0	0	0	0	0	0.00665625
_D:	"N120_20141006_123000_20141006_125000"	0.520833	0.761644	1	0	0	0	0	0	0	0	0	0.381818	0	0	1	0	0	0	0	0	0	0	0	0	0	0.00834375
_D:	"N120_20141006_100000_20141006_102000"	0.416667	0.761644	1	0	0	0	0	0	0	0	0	0.412121	0	0	0	0	0	0	0	0	0	0	0	0	0	0.290375
_D:	"N120_20141006_060000_20141006_062000"	0.25	0.761644	1	0	0	0	0	0	0	0	0	0.442424	0	0	0	0	0	0	0	0	0	0	0	0	0	0.22
_D:	"N120_20141006_053000_20141006_055000"	0.229167	0.761644	1	0	0	0	0	0	0	0	0	0.472727	0	0	0	0	0	0	0	0	0	0	0	0	0	0.0381875
_D:	"N120_20141006_050000_20141006_052000"	0.208333	0.761644	1	0	0	0	0	0	0	0	0	0.472727	0	0	0	0	0	0	0	0	0	0	0	0	0	0.0350625
_D:	"N120_20141006_043000_20141006_045000"	0.1875	0.761644	1	0	0	0	0	0	0	0	0	0.472727	0	0	0	0	0	0	0	0	0	0	0	0	0	0.0243125
_D:	"N120_20141006_040000_20141006_042000"	0.166667	0.761644	1	0	0	0	0	0	0	0	0	0.472727	0	0	0	0	0	0	0	0	0	0	0	0	0	0.0215937
_D:	"N120_20141006_033000_20141006_035000"	0.145833	0.761644	1	0	0	0	0	0	0	0	0	0.442424	0	0	0	0	0	0	0	0	0	0	0	0	0	0.0198125
_D:	"N120_20141006_030000_20141006_032000"	0.125	0.761644	1	0	0	0	0	0	0	0	0	0.533333	0	0	0	0	0	0	0	0	0	0	0	0	0	0.0188125
_D:	"N120_20141006_023000_20141006_025000"	0.104167	0.761644	1	0	0	0	0	0	0	0	0	0.533333	0	0	0	0	0	0	0	0	0	0	0	0	0	0.0178437
_D:	"N120_20141006_020000_20141006_022000"	0.0833333	0.761644	1	0	0	0	0	0	0	0	0	0.50303	0	0	0	0	0	0	0	0	0	0	0	0	0	0.0169375
_D:	"N120_20141006_013000_20141006_015000"	0.0625	0.761644	1	0	0	0	0	0	0	0	0	0.50303	0	0	0	0	0	0	0	0	0	0	0	0	0	0.0368438
_D:	"N120_20141006_010000_20141006_012000"	0.0416667	0.761644	1	0	0	0	0	0	0	0	0	0.533333	0	0	0	0	0	0	0	0	0	0	0	0	0	0.148235
_D:	"N120_20141001_033000_20141001_035000"	0.145833	0.747945	0	0	1	0	0	0	0	0	0	0.533333	1	0	0	0	0	0	0	0	1	0	0	0	0	0.0301389
_D:	"N120_20141001_030000_20141001_032000"	0.125	0.747945	0	0	1	0	0	0	0	0	0	0.533333	1	0	0	0	0	0	0	0	1	0	0	0	0	0.0684062
_D:	"N120_20141001_023000_20141001_025000"	0.104167	0.747945	0	0	1	0	0	0	0	0	0	0.533333	1	0	0	0	0	0	0	0	1	0	0	0	0	0.0296875
_D:	"N120_20141001_020000_20141001_022000"	0.0833333	0.747945	0	0	1	0	0	0	0	0	0	0.533333	1	0	0	0	0	0	0	0	1	0	0	0	0	0.112187
_D:	"N120_20141001_013000_20141001_015000"	0.0625	0.747945	0	0	1	0	0	0	0	0	0	0.533333	1	0	0	0	0	0	0	0	1	0	0	0	0	0.186937
_D:	"N120_20141001_010000_20141001_012000"	0.0416667	0.747945	0	0	1	0	0	0	0	0	0	0.563636	1	0	0	0	0	0	0	0	1	0	0	0	0	0.0346562
_D:	"N120_20141001_003000_20141001_005000"	0.0208333	0.747945	0	0	1	0	0	0	0	0	0	0.533333	1	0	0	0	0	0	0	0	1	0	0	0	0	0.0570313
_D:	"N120_20141001_000000_20141001_002000"	0	0.747945	0	0	1	0	0	0	0	0	0	0.533333	1	0	0	0	0	0	0	0	1	0	0	0	0	0.031875
_D:	"N120_20140930_233000_20140930_235000"	0.979167	0.745205	0	1	0	0	0	0	0	0	0	0.533333	1	0	0	0	0	0	0	0	1	0	0	0	0	0.0374375
_D:	"N120_20140930_223000_20140930_225000"	0.9375	0.745205	0	1	0	0	0	0	0	0	0	0.533333	1	0	0	0	0	0	0	0	1	0	0	0	0	0.0319063
_D:	"N120_20140930_220000_20140930_222000"	0.916667	0.745205	0	1	0	0	0	0	0	0	0	0.533333	1	0	0	0	0	0	0	0	1	0	0	0	0	0.0304688
_D:	"N120_20140930_213000_20140930_215000"	0.895833	0.745205	0	1	0	0	0	0	0	0	0	0.50303	1	0	0	0	0	0	0	0	1	0	0	0	0	0.0609687
_D:	"N120_20140930_210000_20140930_212000"	0.875	0.745205	0	1	0	0	0	0	0	0	0	0.472727	1	0	0	0	0	0	0	0	1	0	0	0	0	0.1795
_D:	"N120_20140930_203000_20140930_205000"	0.854167	0.745205	0	1	0	0	0	0	0	0	0	0.472727	1	0	0	0	0	0	0	0	1	0	0	0	0	0.430281
_D:	"N120_20140930_200000_20140930_202000"	0.833333	0.745205	0	1	0	0	0	0	0	0	0	0.442424	1	0	0	0	0	0	0	0	1	0	0	0	0	0.551125
_D:	"N120_20140930_193000_20140930_195000"	0.8125	0.745205	0	1	0	0	0	0	0	0	0	0.442424	1	0	0	0	0	0	0	0	1	0	0	0	0	0.576156
_D:	"N120_20140930_190000_20140930_192000"	0.791667	0.745205	0	1	0	0	0	0	0	0	0	0.412121	1	0	0	0	0	0	0	0	1	0	0	0	0	0.524063
_D:	"N120_20140930_183000_20140930_185000"	0.770833	0.745205	0	1	0	0	0	0	0	0	0	0.351515	1	0	0	0	0	0	0	0	1	0	0	0	0	0.362563
_D:	"N120_20140930_180000_20140930_182000"	0.75	0.745205	0	1	0	0	0	0	0	0	0	0.381818	1	0	0	0	0	0	0	0	1	0	0	0	0	0.0907812
_D:	"N120_20140930_173000_20140930_175000"	0.729167	0.745205	0	1	0	0	0	0	0	0	0	0.381818	1	0	0	0	0	0	0	0	1	0	0	0	0	0.0154688
_D:	"N120_20140930_170000_20140930_172000"	0.708333	0.745205	0	1	0	0	0	0	0	0	0	0.351515	1	0	0	0	0	0	0	0	1	0	0	0	0	0.0140938
_D:	"N120_20140930_163000_20140930_165000"	0.6875	0.745205	0	1	0	0	0	0	0	0	0	0.381818	1	0	0	0	0	0	0	0	1	0	0	0	0	0.0140313
_D:	"N120_20140930_160000_20140930_162000"	0.666667	0.745205	0	1	0	0	0	0	0	0	0	0.381818	1	0	0	0	0	0	0	0	1	0	0	0	0	0.01825
_D:	"N120_20140930_153000_20140930_155000"	0.645833	0.745205	0	1	0	0	0	0	0	0	0	0.381818	1	0	0	0	0	0	0	0	1	0	0	0	0	0.014125
_D:	"N120_20140930_150000_20140930_152000"	0.625	0.745205	0	1	0	0	0	0	0	0	0	0.381818	1	0	0	0	0	0	0	0	1	0	0	0	0	0.0130625
_D:	"N120_20140930_143000_20140930_145000"	0.604167	0.745205	0	1	0	0	0	0	0	0	0	0.381818	1	0	0	0	0	0	0	0	1	0	0	0	0	0.01125
_D:	"N120_20140930_140000_20140930_142000"	0.583333	0.745205	0	1	0	0	0	0	0	0	0	0.381818	1	0	0	0	0	0	0	0	1	0	0	0	0	0.0103438
_D:	"N120_20140930_133000_20140930_135000"	0.5625	0.745205	0	1	0	0	0	0	0	0	0	0.381818	1	0	0	0	0	0	0	0	1	0	0	0	0	0.00653125
_D:	"N120_20140930_130000_20140930_132000"	0.541667	0.745205	0	1	0	0	0	0	0	0	0	0.381818	1	0	0	0	0	0	0	0	1	0	0	0	0	0.005625
_D:	"N120_20140930_123000_20140930_125000"	0.520833	0.745205	0	1	0	0	0	0	0	0	0	0.381818	1	0	0	0	0	0	0	0	1	0	0	0	0	0.0066875
_D:	"N120_20140930_120000_20140930_122000"	0.5	0.745205	0	1	0	0	0	0	0	0	0	0.351515	1	0	0	0	0	0	0	0	1	0	0	0	0	0.00925
_D:	"N120_20140930_113000_20140930_115000"	0.479167	0.745205	0	1	0	0	0	0	0	0	0	0.381818	1	0	0	0	0	0	0	0	1	0	0	0	0	0.0109375
_D:	"N120_20140930_103000_20140930_105000"	0.4375	0.745205	0	1	0	0	0	0	0	0	0	0.381818	1	0	0	0	0	0	0	0	1	0	0	0	0	0.0137813
_D:	"N120_20140930_100000_20140930_102000"	0.416667	0.745205	0	1	0	0	0	0	0	0	0	0.381818	1	0	0	0	0	0	0	0	1	0	0	0	0	0.218094
_D:	"N120_20140930_093000_20140930_095000"	0.395833	0.745205	0	1	0	0	0	0	0	0	0	0.412121	1	0	0	0	0	0	0	0	1	0	0	0	0	0.0786562
_D:	"N120_20140930_090000_20140930_092000"	0.375	0.745205	0	1	0	0	0	0	0	0	0	0.412121	1	0	0	0	0	0	0	0	1	0	0	0	0	0.0785625
_D:	"N120_20140930_083000_20140930_085000"	0.354167	0.745205	0	1	0	0	0	0	0	0	0	0.412121	1	0	0	0	0	0	0	0	1	0	0	0	0	0.0809375
_D:	"N120_20140930_080000_20140930_082000"	0.333333	0.745205	0	1	0	0	0	0	0	0	0	0.412121	1	0	0	0	0	0	0	0	1	0	0	0	0	0.11425
_D:	"N120_20140930_073000_20140930_075000"	0.3125	0.745205	0	1	0	0	0	0	0	0	0	0.412121	1	0	0	0	0	0	0	0	1	0	0	0	0	0.096
_D:	"N120_20140930_070000_20140930_072000"	0.291667	0.745205	0	1	0	0	0	0	0	0	0	0.412121	1	0	0	0	0	0	0	0	1	0	0	0	0	0.137531
_D:	"N120_20140930_063000_20140930_065000"	0.270833	0.745205	0	1	0	0	0	0	0	0	0	0.412121	1	0	0	0	0	0	0	0	1	0	0	0	0	0.346125
_D:	"N120_20140930_060000_20140930_062000"	0.25	0.745205	0	1	0	0	0	0	0	0	0	0.442424	1	0	0	0	0	0	0	0	1	0	0	0	0	0.353312
_D:	"N120_20140930_053000_20140930_055000"	0.229167	0.745205	0	1	0	0	0	0	0	0	0	0.442424	1	0	0	0	0	0	0	0	1	0	0	0	0	0.0667187
_D:	"N120_20140930_050000_20140930_052000"	0.208333	0.745205	0	1	0	0	0	0	0	0	0	0.472727	1	0	0	0	0	0	0	0	1	0	0	0	0	0.03475
_D:	"N120_20140930_043000_20140930_045000"	0.1875	0.745205	0	1	0	0	0	0	0	0	0	0.472727	1	0	0	0	0	0	0	0	1	0	0	0	0	0.0296875
_D:	"N120_20140930_040000_20140930_042000"	0.166667	0.745205	0	1	0	0	0	0	0	0	0	0.50303	1	0	0	0	0	0	0	0	1	0	0	0	0	0.0280625
_D:	"N120_20140930_033000_20140930_035000"	0.145833	0.745205	0	1	0	0	0	0	0	0	0	0.50303	1	0	0	0	0	0	0	0	1	0	0	0	0	0.0395625
_D:	"N120_20140930_030000_20140930_032000"	0.125	0.745205	0	1	0	0	0	0	0	0	0	0.533333	1	0	0	0	0	0	0	0	1	0	0	0	0	0.0361562
_D:	"N120_20140930_023000_20140930_025000"	0.104167	0.745205	0	1	0	0	0	0	0	0	0	0.472727	1	0	0	0	0	0	0	0	1	0	0	0	0	0.0372812
_D:	"N120_20140930_020000_20140930_022000"	0.0833333	0.745205	0	1	0	0	0	0	0	0	0	0.50303	1	0	0	0	0	0	0	0	1	0	0	0	0	0.0615312
_D:	"N120_20140930_013000_20140930_015000"	0.0625	0.745205	0	1	0	0	0	0	0	0	0	0.533333	1	0	0	0	0	0	0	0	1	0	0	0	0	0.0239375
_D:	"N120_20140930_010000_20140930_012000"	0.0416667	0.745205	0	1	0	0	0	0	0	0	0	0.533333	1	0	0	0	0	0	0	0	1	0	0	0	0	0.0179687
_D:	"N120_20140930_003000_20140930_005000"	0.0208333	0.745205	0	1	0	0	0	0	0	0	0	0.533333	1	0	0	0	0	0	0	0	1	0	0	0	0	0.0177813
_D:	"N120_20140930_000000_20140930_002000"	0	0.745205	0	1	0	0	0	0	0	0	0	0.533333	1	0	0	0	0	0	0	0	1	0	0	0	0	0.0140938
_D:	"N120_20140929_233000_20140929_235000"	0.979167	0.742466	1	0	0	0	0	0	0	0	0	0.50303	1	0	0	0	0	0	0	0	1	0	0	0	0	0.0175938
_D:	"N120_20140929_223000_20140929_225000"	0.9375	0.742466	1	0	0	0	0	0	0	0	0	0.472727	1	0	0	0	0	0	0	0	1	0	0	0	0	0.0210312
_D:	"N120_20140929_220000_20140929_222000"	0.916667	0.742466	1	0	0	0	0	0	0	0	0	0.442424	1	0	0	0	0	0	0	0	1	0	0	0	0	0.0237188
_D:	"N120_20140929_213000_20140929_215000"	0.895833	0.742466	1	0	0	0	0	0	0	0	0	0.442424	1	0	0	0	0	0	0	0	1	0	0	0	0	0.46825
_D:	"N120_20140929_210000_20140929_212000"	0.875	0.742466	1	0	0	0	0	0	0	0	0	0.412121	1	0	0	0	0	0	0	0	1	0	0	0	0	0.482375
_D:	"N120_20140929_203000_20140929_205000"	0.854167	0.742466	1	0	0	0	0	0	0	0	0	0.412121	1	0	0	0	0	0	0	0	1	0	0	0	0	0.509156
_D:	"N120_20140929_200000_20140929_202000"	0.833333	0.742466	1	0	0	0	0	0	0	0	0	0.381818	1	0	0	0	0	0	0	0	1	0	0	0	0	0.186875
_D:	"N120_20140929_193000_20140929_195000"	0.8125	0.742466	1	0	0	0	0	0	0	0	0	0.351515	1	0	0	0	0	0	0	0	1	0	0	0	0	0.153594
_D:	"N120_20140929_190000_20140929_192000"	0.791667	0.742466	1	0	0	0	0	0	0	0	0	0.321212	1	0	0	0	0	0	0	0	1	0	0	0	0	0.212969
_D:	"N120_20140929_183000_20140929_185000"	0.770833	0.742466	1	0	0	0	0	0	0	0	0	0.321212	1	0	0	0	0	0	0	0	1	0	0	0	0	0.204781
_D:	"N120_20140929_180000_20140929_182000"	0.75	0.742466	1	0	0	0	0	0	0	0	0	0.321212	1	0	0	0	0	0	0	0	1	0	0	0	0	0.271188
_D:	"N120_20140929_173000_20140929_175000"	0.729167	0.742466	1	0	0	0	0	0	0	0	0	0.321212	1	0	0	0	0	0	0	0	1	0	0	0	0	0.012
_D:	"N120_20140929_170000_20140929_172000"	0.708333	0.742466	1	0	0	0	0	0	0	0	0	0.321212	1	0	0	0	0	0	0	0	1	0	0	0	0	0.0136563
_D:	"N120_20140929_163000_20140929_165000"	0.6875	0.742466	1	0	0	0	0	0	0	0	0	0.321212	1	0	0	0	0	0	0	0	1	0	0	0	0	0.015625
_D:	"N120_20140929_160000_20140929_162000"	0.666667	0.742466	1	0	0	0	0	0	0	0	0	0.321212	1	0	0	0	0	0	0	0	1	0	0	0	0	0.0166875
_D:	"N120_20140929_153000_20140929_155000"	0.645833	0.742466	1	0	0	0	0	0	0	0	0	0.321212	1	0	0	0	0	0	0	0	1	0	0	0	0	0.0151563
_D:	"N120_20140929_150000_20140929_152000"	0.625	0.742466	1	0	0	0	0	0	0	0	0	0.321212	1	0	0	0	0	0	0	0	1	0	0	0	0	0.0168125
_D:	"N120_20140929_143000_20140929_145000"	0.604167	0.742466	1	0	0	0	0	0	0	0	0	0.321212	1	0	0	0	0	0	0	0	1	0	0	0	0	0.0151875
_D:	"N120_20140929_140000_20140929_142000"	0.583333	0.742466	1	0	0	0	0	0	0	0	0	0.321212	1	0	0	0	0	0	0	0	1	0	0	0	0	0.0163125
_D:	"N120_20140929_133000_20140929_135000"	0.5625	0.742466	1	0	0	0	0	0	0	0	0	0.321212	1	0	0	0	0	0	0	0	1	0	0	0	0	0.015
_D:	"N120_20140929_130000_20140929_132000"	0.541667	0.742466	1	0	0	0	0	0	0	0	0	0.351515	1	0	0	0	0	0	0	0	1	0	0	0	0	0.0141875
_D:	"N120_20140929_123000_20140929_125000"	0.520833	0.742466	1	0	0	0	0	0	0	0	0	0.351515	1	0	0	0	0	0	0	0	1	0	0	0	0	0.0132813
_D:	"N120_20140929_120000_20140929_122000"	0.5	0.742466	1	0	0	0	0	0	0	0	0	0.351515	1	0	0	0	0	0	0	0	1	0	0	0	0	0.0123125
_D:	"N120_20140929_113000_20140929_115000"	0.479167	0.742466	1	0	0	0	0	0	0	0	0	0.381818	1	0	0	0	0	0	0	0	1	0	0	0	0	0.0104063
_D:	"N120_20140929_103000_20140929_105000"	0.4375	0.742466	1	0	0	0	0	0	0	0	0	0.412121	0	0	0	0	0	0	0	1	0	0	0	0	0	0.009
_D:	"N120_20140929_100000_20140929_102000"	0.416667	0.742466	1	0	0	0	0	0	0	0	0	0.381818	0	0	0	0	0	0	0	1	0	0	0	0	0	0.0417813
_D:	"N120_20140929_093000_20140929_095000"	0.395833	0.742466	1	0	0	0	0	0	0	0	0	0.412121	0	0	0	0	0	0	0	1	0	0	0	0	0	0.0359375
_D:	"N120_20140929_090000_20140929_092000"	0.375	0.742466	1	0	0	0	0	0	0	0	0	0.412121	0	0	0	0	0	0	0	1	0	0	0	0	0	0.288844
_D:	"N120_20140929_083000_20140929_085000"	0.354167	0.742466	1	0	0	0	0	0	0	0	0	0.412121	0	0	0	0	0	0	0	1	0	0	0	0	0	0.245031
_D:	"N120_20140929_080000_20140929_082000"	0.333333	0.742466	1	0	0	0	0	0	0	0	0	0.412121	0	0	0	0	0	0	0	1	0	0	0	0	0	0.307438
_D:	"N120_20140929_073000_20140929_075000"	0.3125	0.742466	1	0	0	0	0	0	0	0	0	0.412121	0	0	0	0	0	0	0	1	0	0	0	0	0	0.105719
_D:	"N120_20140929_070000_20140929_072000"	0.291667	0.742466	1	0	0	0	0	0	0	0	0	0.412121	0	0	0	0	0	0	0	1	0	0	0	0	0	0.165469
_D:	"N120_20140929_063000_20140929_065000"	0.270833	0.742466	1	0	0	0	0	0	0	0	0	0.412121	0	0	0	0	0	0	0	1	0	0	0	0	0	0.205313
_D:	"N120_20140929_060000_20140929_062000"	0.25	0.742466	1	0	0	0	0	0	0	0	0	0.442424	0	0	0	0	0	0	0	1	0	0	0	0	0	0.203562
_D:	"N120_20140929_053000_20140929_055000"	0.229167	0.742466	1	0	0	0	0	0	0	0	0	0.412121	0	0	0	0	0	0	0	1	0	0	0	0	0	0.0195625
_D:	"N120_20140929_050000_20140929_052000"	0.208333	0.742466	1	0	0	0	0	0	0	0	0	0.412121	0	0	0	0	0	0	0	1	0	0	0	0	0	0.00559375
_D:	"N120_20140929_043000_20140929_045000"	0.1875	0.742466	1	0	0	0	0	0	0	0	0	0.472727	0	0	0	0	0	1	0	0	0	0	0	0	0	0.00846875
_D:	"N120_20140929_040000_20140929_042000"	0.166667	0.742466	1	0	0	0	0	0	0	0	0	0.472727	0	0	0	0	0	1	0	0	0	0	0	0	0	0.0115625
_D:	"N120_20140929_033000_20140929_035000"	0.145833	0.742466	1	0	0	0	0	0	0	0	0	0.472727	0	0	0	0	0	0	0	1	0	0	0	0	0	0.0500938
_D:	"N120_20140929_030000_20140929_032000"	0.125	0.742466	1	0	0	0	0	0	0	0	0	0.50303	0	0	0	0	0	0	0	1	0	0	0	0	0	0.0154063
_D:	"N120_20140929_023000_20140929_025000"	0.104167	0.742466	1	0	0	0	0	0	0	0	0	0.533333	0	0	0	0	0	0	0	1	0	0	0	0	0	0.02075
_D:	"N120_20140929_020000_20140929_022000"	0.0833333	0.742466	1	0	0	0	0	0	0	0	0	0.50303	0	0	0	0	0	0	0	1	0	0	0	0	0	0.0195625
_D:	"N120_20140929_013000_20140929_015000"	0.0625	0.742466	1	0	0	0	0	0	0	0	0	0.50303	0	0	0	0	0	0	0	1	0	0	0	0	0	0.0325
_D:	"N120_20140929_010000_20140929_012000"	0.0416667	0.742466	1	0	0	0	0	0	0	0	0	0.563636	0	0	0	0	0	0	0	1	0	0	0	0	0	0.0189375
_D:	"N120_20140929_003000_20140929_005000"	0.0208333	0.742466	1	0	0	0	0	0	0	0	0	0.533333	0	0	0	0	0	0	0	1	0	0	0	0	0	0.0173438
_D:	"N120_20140929_000000_20140929_002000"	0	0.742466	1	0	0	0	0	0	0	0	0	0.533333	0	0	0	0	0	0	0	1	0	0	0	0	0	0.0175938
_D:	"N120_20140928_233000_20140928_235000"	0.979167	0.739726	0	0	0	0	0	0	1	0	0	0.50303	0	0	0	0	0	0	0	1	0	0	0	0	0	0.0175938
_D:	"N120_20140928_223000_20140928_225000"	0.9375	0.739726	0	0	0	0	0	0	1	0	0	0.472727	0	0	0	0	0	0	0	1	0	0	0	0	0	0.0173125
_D:	"N120_20140928_220000_20140928_222000"	0.916667	0.739726	0	0	0	0	0	0	1	0	0	0.442424	0	0	0	0	0	0	0	1	0	0	0	0	0	0.0254375
_D:	"N120_20140928_213000_20140928_215000"	0.895833	0.739726	0	0	0	0	0	0	1	0	0	0.442424	0	0	0	0	0	0	0	1	0	0	0	0	0	0.244687
_D:	"N120_20140928_210000_20140928_212000"	0.875	0.739726	0	0	0	0	0	0	1	0	0	0.442424	0	0	0	0	0	0	0	1	0	0	0	0	0	0.123031
_D:	"N120_20140928_203000_20140928_205000"	0.854167	0.739726	0	0	0	0	0	0	1	0	0	0.412121	0	0	0	0	0	0	0	1	0	0	0	0	0	0.191156
_D:	"N120_20140928_200000_20140928_202000"	0.833333	0.739726	0	0	0	0	0	0	1	0	0	0.412121	0	0	0	0	0	0	0	1	0	0	0	0	0	0.183313
_D:	"N120_20140928_193000_20140928_195000"	0.8125	0.739726	0	0	0	0	0	0	1	0	0	0.381818	0	0	0	0	0	0	0	1	0	0	0	0	0	0.202562
_D:	"N120_20140928_190000_20140928_192000"	0.791667	0.739726	0	0	0	0	0	0	1	0	0	0.381818	0	0	0	0	0	0	0	1	0	0	0	0	0	0.229563
_D:	"N120_20140928_183000_20140928_185000"	0.770833	0.739726	0	0	0	0	0	0	1	0	0	0.351515	0	0	0	0	0	0	0	1	0	0	0	0	0	0.207094
_D:	"N120_20140928_180000_20140928_182000"	0.75	0.739726	0	0	0	0	0	0	1	0	0	0.351515	0	0	0	0	0	0	0	1	0	0	0	0	0	0.0489688
_D:	"N120_20140928_173000_20140928_175000"	0.729167	0.739726	0	0	0	0	0	0	1	0	0	0.351515	0	0	0	0	0	0	0	1	0	0	0	0	0	0.0100313
_D:	"N120_20140928_170000_20140928_172000"	0.708333	0.739726	0	0	0	0	0	0	1	0	0	0.351515	0	0	0	0	0	0	0	1	0	0	0	0	0	0.0066875
_D:	"N120_20140928_163000_20140928_165000"	0.6875	0.739726	0	0	0	0	0	0	1	0	0	0.351515	0	0	0	0	0	0	0	1	0	0	0	0	0	0.008875
_D:	"N120_20140928_160000_20140928_162000"	0.666667	0.739726	0	0	0	0	0	0	1	0	0	0.351515	0	0	0	0	0	0	0	1	0	0	0	0	0	0.0107812
_D:	"N120_20140928_153000_20140928_155000"	0.645833	0.739726	0	0	0	0	0	0	1	0	0	0.351515	0	0	0	0	0	0	0	1	0	0	0	0	0	0.0116562
_D:	"N120_20140928_150000_20140928_152000"	0.625	0.739726	0	0	0	0	0	0	1	0	0	0.381818	0	0	0	0	0	0	0	1	0	0	0	0	0	0.013125
_D:	"N120_20140928_143000_20140928_145000"	0.604167	0.739726	0	0	0	0	0	0	1	0	0	0.381818	0	0	0	0	0	0	0	1	0	0	0	0	0	0.0141875
_D:	"N120_20140928_140000_20140928_142000"	0.583333	0.739726	0	0	0	0	0	0	1	0	0	0.381818	0	0	0	0	0	0	0	1	0	0	0	0	0	0.0140938
_D:	"N120_20140928_133000_20140928_135000"	0.5625	0.739726	0	0	0	0	0	0	1	0	0	0.381818	0	0	0	0	0	0	0	1	0	0	0	0	0	0.0163438
_D:	"N120_20140928_130000_20140928_132000"	0.541667	0.739726	0	0	0	0	0	0	1	0	0	0.381818	0	0	0	0	0	0	0	1	0	0	0	0	0	0.0142188
_D:	"N120_20140928_123000_20140928_125000"	0.520833	0.739726	0	0	0	0	0	0	1	0	0	0.412121	0	0	0	0	0	0	0	1	0	0	0	0	0	0.0140625
_D:	"N120_20140928_120000_20140928_122000"	0.5	0.739726	0	0	0	0	0	0	1	0	0	0.442424	0	0	0	0	0	0	0	1	0	0	0	0	0	0.0150625
_D:	"N120_20140928_113000_20140928_115000"	0.479167	0.739726	0	0	0	0	0	0	1	0	0	0.472727	0	0	0	0	0	0	0	1	0	0	0	0	0	0.0115
_D:	"N120_20140928_103000_20140928_105000"	0.4375	0.739726	0	0	0	0	0	0	1	0	0	0.472727	0	0	0	0	0	0	0	0	0	0	0	0	0	0.0478438
_D:	"N120_20140928_100000_20140928_102000"	0.416667	0.739726	0	0	0	0	0	0	1	0	0	0.472727	0	0	0	0	0	0	0	0	0	0	0	0	0	0.0665625
_D:	"N120_20140928_093000_20140928_095000"	0.395833	0.739726	0	0	0	0	0	0	1	0	0	0.472727	0	0	0	0	0	0	0	0	0	0	0	0	0	0.315
_D:	"N120_20140928_090000_20140928_092000"	0.375	0.739726	0	0	0	0	0	0	1	0	0	0.472727	0	0	0	0	0	0	0	0	0	0	0	0	0	0.490656
_D:	"N120_20140928_083000_20140928_085000"	0.354167	0.739726	0	0	0	0	0	0	1	0	0	0.472727	0	0	0	0	0	0	0	0	0	0	0	0	0	0.283188
_D:	"N120_20140928_080000_20140928_082000"	0.333333	0.739726	0	0	0	0	0	0	1	0	0	0.472727	0	0	0	0	0	0	0	0	0	0	0	0	0	0.516125
_D:	"N120_20140928_073000_20140928_075000"	0.3125	0.739726	0	0	0	0	0	0	1	0	0	0.472727	0	0	0	0	0	0	0	0	0	0	0	0	0	0.566375
_D:	"N120_20140928_070000_20140928_072000"	0.291667	0.739726	0	0	0	0	0	0	1	0	0	0.50303	0	0	0	0	0	0	0	0	0	0	0	0	0	0.3605
_D:	"N120_20140928_063000_20140928_065000"	0.270833	0.739726	0	0	0	0	0	0	1	0	0	0.50303	0	0	0	0	0	0	0	0	0	0	0	0	0	0.279344
_D:	"N120_20140928_060000_20140928_062000"	0.25	0.739726	0	0	0	0	0	0	1	0	0	0.50303	0	0	0	0	0	0	0	0	0	0	0	0	0	0.02625
_D:	"N120_20140928_053000_20140928_055000"	0.229167	0.739726	0	0	0	0	0	0	1	0	0	0.533333	0	0	0	0	0	0	0	0	0	0	0	0	0	0.0274375
_D:	"N120_20140928_050000_20140928_052000"	0.208333	0.739726	0	0	0	0	0	0	1	0	0	0.563636	0	0	0	0	0	0	0	0	0	0	0	0	0	0.0336875
_D:	"N120_20140928_043000_20140928_045000"	0.1875	0.739726	0	0	0	0	0	0	1	0	0	0.563636	0	0	0	0	0	0	0	0	0	0	0	0	0	0.0213438
_D:	"N120_20140928_040000_20140928_042000"	0.166667	0.739726	0	0	0	0	0	0	1	0	0	0.563636	0	0	0	0	0	0	0	0	0	0	0	0	0	0.0295938
_D:	"N120_20140928_030000_20140928_032000"	0.125	0.739726	0	0	0	0	0	0	1	0	0	0.563636	0	0	0	0	0	0	0	1	0	0	0	0	0	0.0558125
_D:	"N120_20140928_033000_20140928_035000"	0.104167	0.739726	0	0	0	0	0	0	1	0	0	0.50303	0	0	0	0	0	0	0	1	0	0	0	0	0	0.0529531
_D:	"N120_20140928_030000_20140928_032000"	0.0833333	0.739726	0	0	0	0	0	0	1	0	0	0.533333	0	0	0	0	0	0	0	1	0	0	0	0	0	0.0385625
_D:	"N120_20140928_013000_20140928_015000"	0.0625	0.739726	0	0	0	0	0	0	1	0	0	0.50303	0	0	0	0	0	0	0	1	0	0	0	0	0	0.0186563
_D:	"N120_20140928_010000_20140928_012000"	0.0416667	0.739726	0	0	0	0	0	0	1	0	0	0.563636	0	0	0	0	0	0	0	1	0	0	0	0	0	0.059375
_D:	"N120_20140928_003000_20140928_005000"	0.0208333	0.739726	0	0	0	0	0	0	1	0	0	0.533333	0	0	0	0	0	0	0	1	0	0	0	0	0	0.0573125
_D:	"N120_20140928_000000_20140928_002000"	0	0.739726	0	0	0	0	0	0	1	0	0	0.593939	0	0	0	0	0	0	0	1	0	0	0	0	0	0.0205937
_D:	"N120_20140927_233000_20140927_235000"	0.979167	0.736986	0	0	0	0	0	1	0	0	0	0.563636	0	0	0	0	0	0	0	1	0	0	0	0	0	0.0215937
_D:	"N120_20140927_223000_20140927_225000"	0.9375	0.736986	0	0	0	0	0	1	0	0	0	0.533333	0	0	0	0	0	0	0	1	0	0	0	0	0	0.0238125
_D:	"N120_20140927_220000_20140927_222000"	0.916667	0.736986	0	0	0	0	0	1	0	0	0	0.533333	0	0	0	0	0	0	0	0	0	0	0	0	0	0.02275
_D:	"N120_20140927_213000_20140927_215000"	0.895833	0.736986	0	0	0	0	0	1	0	0	0	0.50303	0	0	0	0	0	0	0	0	0	0	0	0	0	0.0754687
_D:	"N120_20140927_210000_20140927_212000"	0.875	0.736986	0	0	0	0	0	1	0	0	0	0.533333	0	0	0	0	0	0	0	0	0	0	0	0	0	0.190531
_D:	"N120_20140927_203000_20140927_205000"	0.854167	0.736986	0	0	0	0	0	1	0	0	0	0.50303	0	0	0	0	0	0	0	0	0	0	0	0	0	0.0193438
_D:	"N120_20140927_200000_20140927_202000"	0.833333	0.736986	0	0	0	0	0	1	0	0	0	0.472727	0	0	0	0	0	0	0	0	0	0	0	0	0	0.0185
_D:	"N120_20140927_193000_20140927_195000"	0.8125	0.736986	0	0	0	0	0	1	0	0	0	0.442424	0	0	0	0	0	0	0	0	0	0	0	0	0	0.0842187
_D:	"N120_20140927_190000_20140927_192000"	0.791667	0.736986	0	0	0	0	0	1	0	0	0	0.442424	0	0	0	0	0	0	0	0	0	0	0	0	0	0.0163438
_D:	"N120_20140927_183000_20140927_185000"	0.770833	0.736986	0	0	0	0	0	1	0	0	0	0.472727	0	0	0	0	0	0	0	0	0	0	0	0	0	0.0163438
_D:	"N120_20140927_180000_20140927_182000"	0.75	0.736986	0	0	0	0	0	1	0	0	0	0.442424	0	0	0	0	0	0	0	0	0	0	0	0	0	0.014875
_D:	"N120_20140927_173000_20140927_175000"	0.729167	0.736986	0	0	0	0	0	1	0	0	0	0.472727	0	0	0	0	0	0	0	0	0	0	0	0	0	0.0165625
_D:	"N120_20140927_170000_20140927_172000"	0.708333	0.736986	0	0	0	0	0	1	0	0	0	0.472727	0	0	0	0	0	0	0	0	0	0	0	0	0	0.0195625
_D:	"N120_20140927_163000_20140927_165000"	0.6875	0.736986	0	0	0	0	0	1	0	0	0	0.472727	0	0	0	0	0	0	0	0	0	0	0	0	0	0.0157812
_D:	"N120_20140927_160000_20140927_162000"	0.666667	0.736986	0	0	0	0	0	1	0	0	0	0.472727	0	0	0	0	0	0	0	0	0	0	0	0	0	0.016
_D:	"N120_20140927_153000_20140927_155000"	0.645833	0.736986	0	0	0	0	0	1	0	0	0	0.472727	0	0	0	0	0	0	0	0	0	0	0	0	0	0.0169063
_D:	"N120_20140927_150000_20140927_152000"	0.625	0.736986	0	0	0	0	0	1	0	0	0	0.472727	0	0	0	0	0	0	0	0	0	0	0	0	0	0.017
_D:	"N120_20140927_143000_20140927_145000"	0.604167	0.736986	0	0	0	0	0	1	0	0	0	0.472727	0	0	0	0	0	0	0	0	0	0	0	0	0	0.017
_D:	"N120_20140927_140000_20140927_142000"	0.583333	0.736986	0	0	0	0	0	1	0	0	0	0.472727	0	0	0	0	0	0	0	0	0	0	0	0	0	0.0170313
_D:	"N120_20140927_133000_20140927_135000"	0.5625	0.736986	0	0	0	0	0	1	0	0	0	0.472727	0	0	0	0	0	0	0	0	0	0	0	0	0	0.0160313
_D:	"N120_20140927_130000_20140927_132000"	0.541667	0.736986	0	0	0	0	0	1	0	0	0	0.472727	0	0	0	0	0	0	0	0	0	0	0	0	0	0.015375
_D:	"N120_20140927_123000_20140927_125000"	0.520833	0.736986	0	0	0	0	0	1	0	0	0	0.472727	0	0	0	0	0	0	0	0	0	0	0	0	0	0.0120625
_D:	"N120_20140927_113000_20140927_115000"	0.479167	0.736986	0	0	0	0	0	1	0	0	0	0.472727	0	0	0	0	0	0	0	0	0	0	0	0	0	0.449
_D:	"N120_20140927_110000_20140927_112000"	0.458333	0.736986	0	0	0	0	0	1	0	0	0	0.472727	0	0	0	0	0	0	0	0	0	0	0	0	0	0.586937
_D:	"N120_20140927_103000_20140927_105000"	0.4375	0.736986	0	0	0	0	0	1	0	0	0	0.472727	0	0	0	0	0	0	0	0	0	0	0	0	0	0.390281
_D:	"N120_20140927_100000_20140927_102000"	0.416667	0.736986	0	0	0	0	0	1	0	0	0	0.472727	0	0	0	0	0	0	0	0	0	0	0	0	0	0.397438
_D:	"N120_20140927_093000_20140927_095000"	0.395833	0.736986	0	0	0	0	0	1	0	0	0	0.472727	0	0	0	0	0	0	0	0	0	0	0	0	0	0.398969
_D:	"N120_20140927_090000_20140927_092000"	0.375	0.736986	0	0	0	0	0	1	0	0	0	0.472727	0	0	0	0	0	0	0	0	0	0	0	0	0	0.102125
_D:	"N120_20140927_083000_20140927_085000"	0.354167	0.736986	0	0	0	0	0	1	0	0	0	0.472727	0	0	0	0	0	0	0	0	0	0	0	0	0	0.149844
_D:	"N120_20140927_080000_20140927_082000"	0.333333	0.736986	0	0	0	0	0	1	0	0	0	0.472727	0	0	0	0	0	0	0	0	0	0	0	0	0	0.226906
_D:	"N120_20140927_073000_20140927_075000"	0.3125	0.736986	0	0	0	0	0	1	0	0	0	0.472727	0	0	0	0	0	0	0	0	0	0	0	0	0	0.159094
_D:	"N120_20140927_070000_20140927_072000"	0.291667	0.736986	0	0	0	0	0	1	0	0	0	0.472727	0	0	0	0	0	0	0	0	0	0	0	0	0	0.293219
_D:	"N120_20140927_063000_20140927_065000"	0.270833	0.736986	0	0	0	0	0	1	0	0	0	0.472727	0	0	0	0	0	0	0	0	0	0	0	0	0	0.185156
_D:	"N120_20140927_060000_20140927_062000"	0.25	0.736986	0	0	0	0	0	1	0	0	0	0.472727	0	0	0	0	0	0	0	0	0	0	0	0	0	0.403219
_D:	"N120_20140927_053000_20140927_055000"	0.229167	0.736986	0	0	0	0	0	1	0	0	0	0.50303	0	0	0	0	0	0	0	0	0	0	0	0	0	0.180438
_D:	"N120_20140927_050000_20140927_052000"	0.208333	0.736986	0	0	0	0	0	1	0	0	0	0.50303	0	0	0	0	0	0	0	0	0	0	0	0	0	0.170125
_D:	"N120_20140927_043000_20140927_045000"	0.1875	0.736986	0	0	0	0	0	1	0	0	0	0.50303	0	0	0	0	0	0	0	0	0	0	0	0	0	0.125687
_D:	"N120_20140927_040000_20140927_042000"	0.166667	0.736986	0	0	0	0	0	1	0	0	0	0.50303	0	0	0	0	0	0	0	0	0	0	0	0	0	0.177437
_D:	"N120_20140927_033000_20140927_035000"	0.145833	0.736986	0	0	0	0	0	1	0	0	0	0.50303	0	0	0	0	0	0	0	0	0	0	0	0	0	0.187531
_D:	"N120_20140927_030000_20140927_032000"	0.125	0.736986	0	0	0	0	0	1	0	0	0	0.50303	0	0	0	0	0	0	0	0	0	0	0	0	0	0.325625
_D:	"N120_20140927_023000_20140927_025000"	0.104167	0.736986	0	0	0	0	0	1	0	0	0	0.50303	0	0	0	0	0	0	0	0	0	0	0	0	0	0.022
_D:	"N120_20140927_020000_20140927_022000"	0.0833333	0.736986	0	0	0	0	0	1	0	0	0	0.50303	0	0	0	0	0	0	0	0	0	0	0	0	0	0.0314062
_D:	"N120_20140927_013000_20140927_015000"	0.0625	0.736986	0	0	0	0	0	1	0	0	0	0.50303	0	0	0	0	0	0	0	0	0	0	0	0	0	0.0190313
_D:	"N120_20140927_010000_20140927_012000"	0.0416667	0.736986	0	0	0	0	0	1	0	0	0	0.50303	0	0	0	0	0	0	0	0	0	0	0	0	0	0.017375
_D:	"N120_20140927_003000_20140927_005000"	0.0208333	0.736986	0	0	0	0	0	1	0	0	0	0.533333	0	0	0	0	0	0	0	0	0	0	0	0	0	0.0202812
_D:	"N120_20140926_233000_20140926_235000"	0.979167	0.734247	0	0	0	0	1	0	0	0	0	0.533333	0	0	0	0	0	0	0	0	0	0	0	0	0	0.0141875
_D:	"N120_20140926_230000_20140926_232000"	0.958333	0.734247	0	0	0	0	1	0	0	0	0	0.50303	0	0	0	0	0	0	0	0	0	0	0	0	0	0.01625
_D:	"N120_20140926_223000_20140926_225000"	0.9375	0.734247	0	0	0	0	1	0	0	0	0	0.50303	0	0	0	0	0	0	0	0	0	0	0	0	0	0.207813
_D:	"N120_20140926_220000_20140926_222000"	0.916667	0.734247	0	0	0	0	1	0	0	0	0	0.472727	0	0	0	0	0	0	0	0	0	0	0	0	0	0.277063
_D:	"N120_20140926_213000_20140926_215000"	0.895833	0.734247	0	0	0	0	1	0	0	0	0	0.472727	0	0	0	0	0	0	0	0	0	0	0	0	0	0.0206563
_D:	"N120_20140926_210000_20140926_212000"	0.875	0.734247	0	0	0	0	1	0	0	0	0	0.442424	0	0	0	0	0	0	0	0	0	0	0	0	0	0.104219
_D:	"N120_20140926_203000_20140926_205000"	0.854167	0.734247	0	0	0	0	1	0	0	0	0	0.442424	0	0	0	0	0	0	0	0	0	0	0	0	0	0.047625
_D:	"N120_20140926_200000_20140926_202000"	0.833333	0.734247	0	0	0	0	1	0	0	0	0	0.412121	0	0	0	0	0	0	0	0	0	0	0	0	0	0.0114063
_D:	"N120_20140926_193000_20140926_195000"	0.8125	0.734247	0	0	0	0	1	0	0	0	0	0.381818	0	0	0	0	0	0	0	0	0	0	0	0	0	0.02375
_D:	"N120_20140926_190000_20140926_192000"	0.791667	0.734247	0	0	0	0	1	0	0	0	0	0.351515	0	0	0	0	0	0	0	0	0	0	0	0	0	0.0104063
_D:	"N120_20140926_183000_20140926_185000"	0.770833	0.734247	0	0	0	0	1	0	0	0	0	0.321212	0	0	0	0	0	0	0	0	0	0	0	0	0	0.0113438
_D:	"N120_20140926_180000_20140926_182000"	0.75	0.734247	0	0	0	0	1	0	0	0	0	0.321212	0	0	0	0	0	0	0	0	0	0	0	0	0	0.0123125
_D:	"N120_20140926_173000_20140926_175000"	0.729167	0.734247	0	0	0	0	1	0	0	0	0	0.321212	0	0	0	0	0	0	0	0	0	0	0	0	0	0.0132813
_D:	"N120_20140926_170000_20140926_172000"	0.708333	0.734247	0	0	0	0	1	0	0	0	0	0.321212	0	0	0	0	0	0	0	0	0	0	0	0	0	0.0153125
_D:	"N120_20140926_163000_20140926_165000"	0.6875	0.734247	0	0	0	0	1	0	0	0	0	0.351515	0	0	0	0	0	0	0	0	0	0	0	0	0	0.0133437
_D:	"N120_20140926_160000_20140926_162000"	0.666667	0.734247	0	0	0	0	1	0	0	0	0	0.351515	0	0	0	0	0	0	0	0	0	0	0	0	0	0.0154375
_D:	"N120_20140926_153000_20140926_155000"	0.645833	0.734247	0	0	0	0	1	0	0	0	0	0.351515	0	0	0	0	0	0	0	0	0	0	0	0	0	0.0142812
_D:	"N120_20140926_150000_20140926_152000"	0.625	0.734247	0	0	0	0	1	0	0	0	0	0.321212	0	0	0	0	0	0	0	0	0	0	0	0	0	0.0139375
_D:	"N120_20140926_143000_20140926_145000"	0.604167	0.734247	0	0	0	0	1	0	0	0	0	0.321212	0	0	0	0	0	0	0	0	0	0	0	0	0	0.013875
_D:	"N120_20140926_140000_20140926_142000"	0.583333	0.734247	0	0	0	0	1	0	0	0	0	0.351515	0	0	0	0	0	0	0	0	0	0	0	0	0	0.0141563
_D:	"N120_20140926_133000_20140926_135000"	0.5625	0.734247	0	0	0	0	1	0	0	0	0	0.321212	0	0	0	0	0	0	0	0	0	0	0	0	0	0.0150938
_D:	"N120_20140926_130000_20140926_132000"	0.541667	0.734247	0	0	0	0	1	0	0	0	0	0.321212	0	0	0	0	0	0	0	0	0	0	0	0	0	0.0149062
_D:	"N120_20140926_123000_20140926_125000"	0.520833	0.734247	0	0	0	0	1	0	0	0	0	0.351515	0	0	0	0	0	0	0	0	0	0	0	0	0	0.0140313
_D:	"N120_20140926_113000_20140926_115000"	0.479167	0.734247	0	0	0	0	1	0	0	0	0	0.351515	0	0	1	0	0	0	0	0	0	0	0	0	0	0.0120312
_D:	"N120_20140926_110000_20140926_112000"	0.458333	0.734247	0	0	0	0	1	0	0	0	0	0.351515	0	0	1	0	0	0	0	0	0	0	0	0	0	0.0094375
_D:	"N120_20140926_103000_20140926_105000"	0.4375	0.734247	0	0	0	0	1	0	0	0	0	0.351515	0	0	1	0	0	0	0	0	0	0	0	0	0	0.0346875
_D:	"N120_20140926_100000_20140926_102000"	0.416667	0.734247	0	0	0	0	1	0	0	0	0	0.381818	0	0	1	0	0	0	0	0	0	0	0	0	0	0.199312
_D:	"N120_20140926_093000_20140926_095000"	0.395833	0.734247	0	0	0	0	1	0	0	0	0	0.381818	0	0	1	0	0	0	0	0	0	0	0	0	0	0.231594
_D:	"N120_20140926_090000_20140926_092000"	0.375	0.734247	0	0	0	0	1	0	0	0	0	0.381818	0	0	1	0	0	0	0	0	0	0	0	0	0	0.161031
_D:	"N120_20140926_083000_20140926_085000"	0.354167	0.734247	0	0	0	0	1	0	0	0	0	0.381818	0	0	1	0	0	0	0	0	0	0	0	0	0	0.044
_D:	"N120_20140926_080000_20140926_082000"	0.333333	0.734247	0	0	0	0	1	0	0	0	0	0.412121	0	0	1	0	0	0	0	0	0	0	0	0	0	0.0471875
_D:	"N120_20140926_073000_20140926_075000"	0.3125	0.734247	0	0	0	0	1	0	0	0	0	0.412121	0	0	1	0	0	0	0	0	0	0	0	0	0	0.0479375
_D:	"N120_20140926_070000_20140926_072000"	0.291667	0.734247	0	0	0	0	1	0	0	0	0	0.442424	0	0	1	0	0	0	0	0	0	0	0	0	0	0.0334687
_D:	"N120_20140926_063000_20140926_065000"	0.270833	0.734247	0	0	0	0	1	0	0	0	0	0.442424	0	0	1	0	0	0	0	0	0	0	0	0	0	0.25175
_D:	"N120_20140926_060000_20140926_062000"	0.25	0.734247	0	0	0	0	1	0	0	0	0	0.442424	0	0	1	0	0	0	0	0	0	0	0	0	0	0.0886875
_D:	"N120_20140926_053000_20140926_055000"	0.229167	0.734247	0	0	0	0	1	0	0	0	0	0.442424	0	0	1	0	0	0	0	0	0	0	0	0	0	0.0459375
_D:	"N120_20140926_050000_20140926_052000"	0.208333	0.734247	0	0	0	0	1	0	0	0	0	0.50303	0	0	1	0	0	0	0	0	0	0	0	0	0	0.0229375
_D:	"N120_20140926_043000_20140926_045000"	0.1875	0.734247	0	0	0	0	1	0	0	0	0	0.472727	0	0	1	0	0	0	0	0	0	0	0	0	0	0.049625
_D:	"N120_20140926_040000_20140926_042000"	0.166667	0.734247	0	0	0	0	1	0	0	0	0	0.50303	0	0	1	0	0	0	0	0	0	0	0	0	0	0.0793125
_D:	"N120_20140926_033000_20140926_035000"	0.145833	0.734247	0	0	0	0	1	0	0	0	0	0.50303	0	0	1	0	0	0	0	0	0	0	0	0	0	0.0209063
_D:	"N120_20140926_030000_20140926_032000"	0.125	0.734247	0	0	0	0	1	0	0	0	0	0.533333	0	0	1	0	0	0	0	0	0	0	0	0	0	0.020875
_D:	"N120_20140926_023000_20140926_025000"	0.104167	0.734247	0	0	0	0	1	0	0	0	0	0.533333	0	0	1	0	0	0	0	0	0	0	0	0	0	0.0211562
_D:	"N120_20140926_020000_20140926_022000"	0.0833333	0.734247	0	0	0	0	1	0	0	0	0	0.533333	0	0	1	0	0	0	0	0	0	0	0	0	0	0.0208437
_D:	"N120_20140926_013000_20140926_015000"	0.0625	0.734247	0	0	0	0	1	0	0	0	0	0.533333	0	0	1	0	0	0	0	0	0	0	0	0	0	0.0210938
_D:	"N120_20140926_010000_20140926_012000"	0.0416667	0.734247	0	0	0	0	1	0	0	0	0	0.533333	0	0	1	0	0	0	0	0	0	0	0	0	0	0.024125
_D:	"N120_20140926_003000_20140926_005000"	0.0208333	0.734247	0	0	0	0	1	0	0	0	0	0.50303	0	0	1	0	0	0	0	0	0	0	0	0	0	0.026625
_D:	"N120_20140925_233000_20140925_235000"	0.979167	0.731507	0	0	0	1	0	0	0	0	0	0.50303	0	0	1	0	0	0	0	0	0	0	0	0	0	0.0405938
_D:	"N120_20140925_230000_20140925_232000"	0.958333	0.731507	0	0	0	1	0	0	0	0	0	0.533333	0	0	1	0	0	0	0	0	0	0	0	0	0	0.0370625
_D:	"N120_20140925_223000_20140925_225000"	0.9375	0.731507	0	0	0	1	0	0	0	0	0	0.50303	0	0	1	0	0	0	0	0	0	0	0	0	0	0.0365
