_H:	$Name	%Input[2:0,0]<2:25,1>	%Input[2:1,0]	%Input[2:2,0]	%Input[2:3,0]	%Input[2:4,0]	%Input[2:5,0]	%Input[2:6,0]	%Input[2:7,0]	%Input[2:8,0]	%Input[2:9,0]	%Input[2:10,0]	%Input[2:11,0]	%Input[2:12,0]	%Input[2:13,0]	%Input[2:14,0]	%Input[2:15,0]	%Input[2:16,0]	%Input[2:17,0]	%Input[2:18,0]	%Input[2:19,0]	%Input[2:20,0]	%Input[2:21,0]	%Input[2:22,0]	%Input[2:23,0]	%Input[2:24,0]	%Output[2:0,0]<2:1,1>
_D:	"N120_20140701_131000_20140701_133000"	0.548611	0.49589	0	1	0	0	0	0	0	0	0	0.448485	0	0	0	0	0	0	0	0	0	0	0	0	0	0.0269948
_D:	"N120_20140701_133000_20140701_135000"	0.5625	0.49589	0	1	0	0	0	0	0	0	0	0.445455	0	0	0	0	0	0	0	0	0	0	0	0	0	0.0228281
_D:	"N120_20140701_135000_20140701_141000"	0.576389	0.49589	0	1	0	0	0	0	0	0	0	0.445455	0	0	0	0	0	0	0	0	0	0	0	0	0	0.0214479
_D:	"N120_20140701_141000_20140701_143000"	0.590278	0.49589	0	1	0	0	0	0	0	0	0	0.445455	0	0	0	0	0	0	0	0	0	0	0	0	0	0.0270052
_D:	"N120_20140701_143000_20140701_145000"	0.604167	0.49589	0	1	0	0	0	0	0	0	0	0.469697	0	0	0	0	0	0	0	0	0	0	0	0	0	0.019776
_D:	"N120_20140701_145000_20140701_151000"	0.618056	0.49589	0	1	0	0	0	0	0	0	0	0.466667	0	0	0	0	0	0	0	0	0	0	0	0	0	0.0240741
_D:	"N120_20140701_151000_20140701_153000"	0.631944	0.49589	0	1	0	0	0	0	0	0	0	0.484848	0	0	0	0	0	0	0	0	0	0	0	0	0	0.0172917
_D:	"N120_20140701_155000_20140701_161000"	0.659722	0.49589	0	1	0	0	0	0	0	0	0	0.493939	0	0	0	0	0	0	0	0	0	0	0	0	0	0.0246765
_D:	"N120_20140701_161000_20140701_163000"	0.673611	0.49589	0	1	0	0	0	0	0	0	0	0.463636	0	0	0	0	0	0	0	0	0	0	0	0	0	0.197141
_D:	"N120_20140701_163000_20140701_165000"	0.6875	0.49589	0	1	0	0	0	0	0	0	0	0.40303	0	0	0	0	0	0	0	0	0	0	0	0	0	0.0173229
_D:	"N120_20140701_165000_20140701_171000"	0.701389	0.49589	0	1	0	0	0	0	0	0	0	0.363636	0	0	0	0	0	0	0	0	0	0	0	0	0	0.0250637
_D:	"N120_20140701_171000_20140701_173000"	0.715278	0.49589	0	1	0	0	0	0	0	0	0	0.384848	0	0	0	0	0	0	0	0	0	0	0	0	0	0.0252894
_D:	"N120_20140701_173000_20140701_175000"	0.729167	0.49589	0	1	0	0	0	0	0	0	0	0.390909	0	0	0	0	0	0	0	0	0	0	0	0	0	0.0201754
_D:	"N120_20140701_175000_20140701_181000"	0.743056	0.49589	0	1	0	0	0	0	0	0	0	0.39697	0	0	0	0	0	0	0	0	0	0	0	0	0	0.0251458
_D:	"N120_20140701_181000_20140701_183000"	0.756944	0.49589	0	1	0	0	0	0	0	0	0	0.390909	0	0	0	0	0	0	0	0	0	0	0	0	0	0.0201823
_D:	"N120_20140701_183000_20140701_185000"	0.770833	0.49589	0	1	0	0	0	0	0	0	0	0.378788	0	0	0	0	0	0	0	0	0	0	0	0	0	0.154469
_D:	"N120_20140701_185000_20140701_191000"	0.784722	0.49589	0	1	0	0	0	0	0	0	0	0.384848	0	0	0	0	0	0	0	0	0	0	0	0	0	0.161672
_D:	"N120_20140701_191000_20140701_193000"	0.798611	0.49589	0	1	0	0	0	0	0	0	0	0.366667	0	0	0	0	0	0	0	0	0	0	0	0	0	0.156215
_D:	"N120_20140701_193000_20140701_195000"	0.8125	0.49589	0	1	0	0	0	0	0	0	0	0.372727	0	0	0	0	0	0	0	0	0	0	0	0	0	0.168578
_D:	"N120_20140701_195000_20140701_201000"	0.826389	0.49589	0	1	0	0	0	0	0	0	0	0.390909	0	0	0	0	0	0	0	0	0	0	0	0	0	0.233641
_D:	"N120_20140701_203000_20140701_205000"	0.854167	0.49589	0	1	0	0	0	0	0	0	0	0.354545	0	0	0	0	0	0	0	0	0	0	0	0	0	0.402078
_D:	"N120_20140701_205000_20140701_211000"	0.868056	0.49589	0	1	0	0	0	0	0	0	0	0.360606	0	0	0	0	0	0	0	0	0	0	0	0	0	0.436792
_D:	"N120_20140701_211000_20140701_213000"	0.881944	0.49589	0	1	0	0	0	0	0	0	0	0.375758	0	0	0	0	0	0	0	0	0	0	0	0	0	0.227725
_D:	"N120_20140701_213000_20140701_215000"	0.895833	0.49589	0	1	0	0	0	0	0	0	0	0.375758	0	0	0	0	0	0	0	0	0	0	0	0	0	0.195974
_D:	"N120_20140701_215000_20140701_221000"	0.909722	0.49589	0	1	0	0	0	0	0	0	0	0.375758	0	0	0	0	0	0	0	0	0	0	0	0	0	0.248104
_D:	"N120_20140701_221000_20140701_223000"	0.923611	0.49589	0	1	0	0	0	0	0	0	0	0.381818	0	0	0	0	0	0	0	0	0	0	0	0	0	0.196714
_D:	"N120_20140701_223000_20140701_225000"	0.9375	0.49589	0	1	0	0	0	0	0	0	0	0.384848	0	0	0	0	0	0	0	0	0	0	0	0	0	0.0915469
_D:	"N120_20140701_225000_20140701_231000"	0.951389	0.49589	0	1	0	0	0	0	0	0	0	0.384848	0	0	0	0	0	0	0	0	0	0	0	0	0	0.484722
_D:	"N120_20140701_231000_20140701_233000"	0.965278	0.49589	0	1	0	0	0	0	0	0	0	0.372727	0	0	0	0	0	0	0	0	0	0	0	0	0	0.154583
_D:	"N120_20140701_233000_20140701_235000"	0.979167	0.49589	0	1	0	0	0	0	0	0	0	0.393939	0	0	0	0	0	0	0	0	0	0	0	0	0	0.182339
_D:	"N120_20140701_235000_20140702_001000"	0.993056	0.49589	0	1	0	0	0	0	0	0	0	0.378788	0	0	0	0	0	0	0	0	0	0	0	0	0	0.392672
_D:	"N120_20140702_001000_20140702_003000"	0.00694444	0.49863	0	0	1	0	0	0	0	0	0	0.381818	0	0	0	0	0	0	0	0	0	0	0	0	0	0.529505
_D:	"N120_20140702_003000_20140702_005000"	0.0208333	0.49863	0	0	1	0	0	0	0	0	0	0.369697	0	0	0	0	0	0	0	0	0	0	0	0	0	0.299156
_D:	"N120_20140702_005000_20140702_011000"	0.0347222	0.49863	0	0	1	0	0	0	0	0	0	0.378788	0	0	0	0	0	0	0	0	0	0	0	0	0	0.274005
_D:	"N120_20140702_011000_20140702_013000"	0.0486111	0.49863	0	0	1	0	0	0	0	0	0	0.390909	0	0	0	0	0	0	0	0	0	0	0	0	0	0.119536
_D:	"N120_20140702_013000_20140702_015000"	0.0625	0.49863	0	0	1	0	0	0	0	0	0	0.372727	0	0	0	0	0	0	0	0	0	0	0	0	0	0.117099
_D:	"N120_20140702_015000_20140702_021000"	0.0763889	0.49863	0	0	1	0	0	0	0	0	0	0.333333	0	0	0	0	0	0	0	0	0	0	0	0	0	0.126661
_D:	"N120_20140702_023000_20140702_025000"	0.104167	0.49863	0	0	1	0	0	0	0	0	0	0.357576	0	0	0	0	0	0	0	0	0	0	0	0	0	0.0225677
_D:	"N120_20140702_025000_20140702_031000"	0.118056	0.49863	0	0	1	0	0	0	0	0	0	0.354545	0	0	0	0	0	0	0	0	0	0	0	0	0	0.0126563
_D:	"N120_20140702_031000_20140702_033000"	0.131944	0.49863	0	0	1	0	0	0	0	0	0	0.345455	0	0	0	0	0	0	0	0	0	0	0	0	0	0.0186458
_D:	"N120_20140702_033000_20140702_035000"	0.145833	0.49863	0	0	1	0	0	0	0	0	0	0.369697	0	0	0	0	0	0	0	0	0	0	0	0	0	0.0208125
_D:	"N120_20140702_035000_20140702_041000"	0.159722	0.49863	0	0	1	0	0	0	0	0	0	0.378788	0	0	0	0	0	0	0	0	0	0	0	0	0	0.00844792
_D:	"N120_20140702_041000_20140702_043000"	0.173611	0.49863	0	0	1	0	0	0	0	0	0	0.384848	0	0	0	0	0	0	0	0	0	0	0	0	0	0.0214583
_D:	"N120_20140702_043000_20140702_045000"	0.1875	0.49863	0	0	1	0	0	0	0	0	0	0.393939	0	0	0	0	0	0	0	0	0	0	0	0	0	0.0170104
_D:	"N120_20140702_045000_20140702_051000"	0.201389	0.49863	0	0	1	0	0	0	0	0	0	0.381818	0	0	0	0	0	0	0	0	0	0	0	0	0	0.0119583
_D:	"N120_20140702_051000_20140702_053000"	0.215278	0.49863	0	0	1	0	0	0	0	0	0	0.357576	0	0	0	0	0	0	0	0	0	0	0	0	0	0.0208717
_D:	"N120_20140702_053000_20140702_055000"	0.229167	0.49863	0	0	1	0	0	0	0	0	0	0.351515	0	0	0	0	0	0	0	0	0	0	0	0	0	0.122052
_D:	"N120_20140702_055000_20140702_061000"	0.243056	0.49863	0	0	1	0	0	0	0	0	0	0.357576	0	0	0	0	0	0	0	0	0	0	0	0	0	0.62775
_D:	"N120_20140702_061000_20140702_063000"	0.256944	0.49863	0	0	1	0	0	0	0	0	0	0.321212	0	0	0	0	0	0	0	0	0	0	0	0	0	0.634667
_D:	"N120_20140702_063000_20140702_065000"	0.270833	0.49863	0	0	1	0	0	0	0	0	0	0.324242	0	0	0	0	0	0	0	0	0	0	0	0	0	0.535474
_D:	"N120_20140702_065000_20140702_071000"	0.284722	0.49863	0	0	1	0	0	0	0	0	0	0.360606	0	0	0	0	0	0	0	0	0	0	0	0	0	0.541021
_D:	"N120_20140702_071000_20140702_073000"	0.298611	0.49863	0	0	1	0	0	0	0	0	0	0.357576	0	0	0	0	0	0	0	0	0	0	0	0	0	0.594732
_D:	"N120_20140702_073000_20140702_075000"	0.3125	0.49863	0	0	1	0	0	0	0	0	0	0.369697	0	0	0	0	0	0	0	0	0	0	0	0	0	0.40888
_D:	"N120_20140702_075000_20140702_081000"	0.326389	0.49863	0	0	1	0	0	0	0	0	0	0.372727	0	0	0	0	0	0	0	0	0	0	0	0	0	0.44313
_D:	"N120_20140702_081000_20140702_083000"	0.340278	0.49863	0	0	1	0	0	0	0	0	0	0.339394	0	0	0	0	0	0	0	0	0	0	0	0	0	0.540396
_D:	"N120_20140702_083000_20140702_085000"	0.354167	0.49863	0	0	1	0	0	0	0	0	0	0.330303	0	0	0	0	0	0	0	0	0	0	0	0	0	0.292427
_D:	"N120_20140702_085000_20140702_091000"	0.368056	0.49863	0	0	1	0	0	0	0	0	0	0.318182	0	0	0	0	0	0	0	0	0	0	0	0	0	0.206475
_D:	"N120_20140702_091000_20140702_093000"	0.381944	0.49863	0	0	1	0	0	0	0	0	0	0.345455	0	0	0	0	0	0	0	0	0	0	0	0	0	0.260292
_D:	"N120_20140702_093000_20140702_095000"	0.395833	0.49863	0	0	1	0	0	0	0	0	0	0.369697	0	0	0	0	0	0	0	0	0	0	0	0	0	0.458937
_D:	"N120_20140702_095000_20140702_101000"	0.409722	0.49863	0	0	1	0	0	0	0	0	0	0.381818	0	0	0	0	0	0	0	0	0	0	0	0	0	0.425385
_D:	"N120_20140702_101000_20140702_103000"	0.423611	0.49863	0	0	1	0	0	0	0	0	0	0.324242	0	0	0	0	0	0	0	0	0	0	0	0	0	0.53663
_D:	"N120_20140702_103000_20140702_105000"	0.4375	0.49863	0	0	1	0	0	0	0	0	0	0.366667	0	0	0	0	0	0	0	0	0	0	0	0	0	0.482375
_D:	"N120_20140702_105000_20140702_111000"	0.451389	0.49863	0	0	1	0	0	0	0	0	0	0.378788	0	0	0	0	0	0	0	0	0	0	0	0	0	0.313047
_D:	"N120_20140702_111000_20140702_113000"	0.465278	0.49863	0	0	1	0	0	0	0	0	0	0.381818	0	0	0	0	0	0	0	0	0	0	0	0	0	0.451979
_D:	"N120_20140702_113000_20140702_115000"	0.479167	0.49863	0	0	1	0	0	0	0	0	0	0.40303	0	0	0	0	0	0	0	0	0	0	0	0	0	0.226172
_D:	"N120_20140702_115000_20140702_121000"	0.493056	0.49863	0	0	1	0	0	0	0	0	0	0.342424	0	0	0	0	0	0	0	0	0	0	0	0	0	0.139193
_D:	"N120_20140702_121000_20140702_123000"	0.506944	0.49863	0	0	1	0	0	0	0	0	0	0.393939	0	0	0	0	0	0	0	0	0	0	0	0	0	0.141422
_D:	"N120_20140702_123000_20140702_125000"	0.520833	0.49863	0	0	1	0	0	0	0	0	0	0.409091	0	0	0	0	0	0	0	0	0	0	0	0	0	0.0204271
_D:	"N120_20140702_125000_20140702_131000"	0.534722	0.49863	0	0	1	0	0	0	0	0	0	0.318182	0	0	0	0	0	0	0	0	0	0	0	0	0	0.00713021
_D:	"N120_20140702_131000_20140702_133000"	0.548611	0.49863	0	0	1	0	0	0	0	0	0	0.357576	0	0	0	0	0	0	0	0	0	0	0	0	0	0.0187939
_D:	"N120_20140702_133000_20140702_135000"	0.5625	0.49863	0	0	1	0	0	0	0	0	0	0.390909	0	0	0	0	0	0	0	0	0	0	0	0	0	0.0157188
_D:	"N120_20140702_135000_20140702_141000"	0.576389	0.49863	0	0	1	0	0	0	0	0	0	0.342424	0	0	0	0	0	0	0	0	0	0	0	0	0	0.00929688
_D:	"N120_20140702_141000_20140702_143000"	0.590278	0.49863	0	0	1	0	0	0	0	0	0	0.345455	0	0	0	0	0	0	0	0	0	0	0	0	0	0.0190625
_D:	"N120_20140702_143000_20140702_145000"	0.604167	0.49863	0	0	1	0	0	0	0	0	0	0.375758	0	0	0	0	0	0	0	0	0	0	0	0	0	0.0115365
_D:	"N120_20140702_145000_20140702_151000"	0.618056	0.49863	0	0	1	0	0	0	0	0	0	0.363636	0	0	0	0	0	0	0	0	0	0	0	0	0	0.0139474
_D:	"N120_20140702_151000_20140702_153000"	0.631944	0.49863	0	0	1	0	0	0	0	0	0	0.363636	0	0	0	0	0	0	0	0	0	0	0	0	0	0.0142882
_D:	"N120_20140702_153000_20140702_155000"	0.645833	0.49863	0	0	1	0	0	0	0	0	0	0.333333	0	0	0	0	0	0	0	0	0	0	0	0	0	0.00849232
_D:	"N120_20140702_155000_20140702_161000"	0.659722	0.49863	0	0	1	0	0	0	0	0	0	0.366667	0	0	0	0	0	0	0	0	0	0	0	0	0	0.0156979
_D:	"N120_20140702_161000_20140702_163000"	0.673611	0.49863	0	0	1	0	0	0	0	0	0	0.3	0	0	0	0	0	0	0	0	0	0	0	0	0	0.0180052
_D:	"N120_20140702_163000_20140702_165000"	0.6875	0.49863	0	0	1	0	0	0	0	0	0	0.318182	0	0	0	0	0	0	0	0	0	0	0	0	0	0.00720312
_D:	"N120_20140702_165000_20140702_171000"	0.701389	0.49863	0	0	1	0	0	0	0	0	0	0.342424	0	0	0	0	0	0	0	0	0	0	0	0	0	0.0250052
_D:	"N120_20140702_171000_20140702_173000"	0.715278	0.49863	0	0	1	0	0	0	0	0	0	0.348485	0	0	0	0	0	0	0	0	0	0	0	0	0	0.125677
_D:	"N120_20140702_173000_20140702_175000"	0.729167	0.49863	0	0	1	0	0	0	0	0	0	0.321212	0	0	0	0	0	0	0	0	0	0	0	0	0	0.182021
_D:	"N120_20140702_175000_20140702_181000"	0.743056	0.49863	0	0	1	0	0	0	0	0	0	0.324242	0	0	0	0	0	0	0	0	0	0	0	0	0	0.146401
_D:	"N120_20140702_181000_20140702_183000"	0.756944	0.49863	0	0	1	0	0	0	0	0	0	0.342424	0	0	0	0	0	0	0	0	0	0	0	0	0	0.152135
_D:	"N120_20140702_183000_20140702_185000"	0.770833	0.49863	0	0	1	0	0	0	0	0	0	0.293939	0	0	0	0	0	0	0	0	0	0	0	0	0	0.143719
_D:	"N120_20140702_185000_20140702_191000"	0.784722	0.49863	0	0	1	0	0	0	0	0	0	0.306061	0	0	0	0	0	0	0	0	0	0	0	0	0	0.231541
_D:	"N120_20140702_191000_20140702_193000"	0.798611	0.49863	0	0	1	0	0	0	0	0	0	0.318182	0	0	0	0	0	0	0	0	0	0	0	0	0	0.588437
_D:	"N120_20140702_193000_20140702_195000"	0.8125	0.49863	0	0	1	0	0	0	0	0	0	0.306061	0	0	0	0	0	0	0	0	0	0	0	0	0	0.563021
_D:	"N120_20140702_195000_20140702_201000"	0.826389	0.49863	0	0	1	0	0	0	0	0	0	0.327273	0	0	0	0	0	0	0	0	0	0	0	0	0	0.731359
_D:	"N120_20140702_201000_20140702_203000"	0.840278	0.49863	0	0	1	0	0	0	0	0	0	0.321212	0	0	0	0	0	0	0	0	0	0	0	0	0	0.764854
_D:	"N120_20140702_203000_20140702_205000"	0.854167	0.49863	0	0	1	0	0	0	0	0	0	0.321212	0	0	0	0	0	0	0	0	0	0	0	0	0	0.491177
_D:	"N120_20140702_205000_20140702_211000"	0.868056	0.49863	0	0	1	0	0	0	0	0	0	0.336364	0	0	0	0	0	0	0	0	0	0	0	0	0	0.413828
_D:	"N120_20140702_211000_20140702_213000"	0.881944	0.49863	0	0	1	0	0	0	0	0	0	0.306061	0	0	0	0	0	0	0	0	0	0	0	0	0	0.238406
_D:	"N120_20140702_213000_20140702_215000"	0.895833	0.49863	0	0	1	0	0	0	0	0	0	0.312121	0	0	0	0	0	0	0	0	0	0	0	0	0	0.152791
_D:	"N120_20140702_215000_20140702_221000"	0.909722	0.49863	0	0	1	0	0	0	0	0	0	0.309091	0	0	0	0	0	0	0	0	0	0	0	0	0	0.156177
_D:	"N120_20140702_221000_20140702_223000"	0.923611	0.49863	0	0	1	0	0	0	0	0	0	0.306061	0	0	0	0	0	0	0	0	0	0	0	0	0	0.408578
_D:	"N120_20140702_223000_20140702_225000"	0.9375	0.49863	0	0	1	0	0	0	0	0	0	0.3	0	0	0	0	0	0	0	0	0	0	0	0	0	0.643474
_D:	"N120_20140702_225000_20140702_231000"	0.951389	0.49863	0	0	1	0	0	0	0	0	0	0.290909	0	0	0	0	0	0	0	0	0	0	0	0	0	0.428788
_D:	"N120_20140702_231000_20140702_233000"	0.965278	0.49863	0	0	1	0	0	0	0	0	0	0.260606	0	0	0	0	0	0	0	0	0	0	0	0	0	0.398611
_D:	"N120_20140702_233000_20140702_235000"	0.979167	0.49863	0	0	1	0	0	0	0	0	0	0.266667	0	0	0	0	0	0	0	0	0	0	0	0	0	0.604266
_D:	"N120_20140702_235000_20140703_001000"	0.993056	0.49863	0	0	1	0	0	0	0	0	0	0.254545	0	0	0	0	0	0	0	0	0	0	0	0	0	0.610042
_D:	"N120_20140703_001000_20140703_003000"	0.00694444	0.50137	0	0	0	1	0	0	0	0	0	0.254545	0	0	0	0	0	0	0	0	0	0	0	0	0	0.619
_D:	"N120_20140703_003000_20140703_005000"	0.0208333	0.50137	0	0	0	1	0	0	0	0	0	0.239394	0	0	0	0	0	0	0	0	0	0	0	0	0	0.554016
_D:	"N120_20140703_005000_20140703_011000"	0.0347222	0.50137	0	0	0	1	0	0	0	0	0	0.254545	0	0	0	0	0	0	0	0	0	0	0	0	0	0.468766
_D:	"N120_20140703_011000_20140703_013000"	0.0486111	0.50137	0	0	0	1	0	0	0	0	0	0.269697	0	0	0	0	0	0	0	0	0	0	0	0	0	0.304928
_D:	"N120_20140703_013000_20140703_015000"	0.0625	0.50137	0	0	0	1	0	0	0	0	0	0.284848	0	0	0	0	0	0	0	0	0	0	0	0	0	0.178843
_D:	"N120_20140703_021000_20140703_023000"	0.0902778	0.50137	0	0	0	1	0	0	0	0	0	0.312121	0	0	0	0	0	0	0	0	0	0	0	0	0	0.14838
_D:	"N120_20140703_023000_20140703_025000"	0.104167	0.50137	0	0	0	1	0	0	0	0	0	0.269697	0	0	0	0	0	0	0	0	0	0	0	0	0	0.227266
_D:	"N120_20140703_025000_20140703_031000"	0.118056	0.50137	0	0	0	1	0	0	0	0	0	0.281818	0	0	0	0	0	0	0	0	0	0	0	0	0	0.322648
_D:	"N120_20140703_031000_20140703_033000"	0.131944	0.50137	0	0	0	1	0	0	0	0	0	0.293939	0	0	0	0	0	0	0	0	0	0	0	0	0	0.0728799
_D:	"N120_20140703_033000_20140703_035000"	0.145833	0.50137	0	0	0	1	0	0	0	0	0	0.263636	0	0	0	0	0	0	0	0	0	0	0	0	0	0.0147865
_D:	"N120_20140703_035000_20140703_041000"	0.159722	0.50137	0	0	0	1	0	0	0	0	0	0.269697	0	0	0	0	0	0	0	0	0	0	0	0	0	0.0233437
_D:	"N120_20140703_041000_20140703_043000"	0.173611	0.50137	0	0	0	1	0	0	0	0	0	0.263636	0	0	0	0	0	0	0	0	0	0	0	0	0	0.145883
_D:	"N120_20140703_043000_20140703_045000"	0.1875	0.50137	0	0	0	1	0	0	0	0	0	0.309091	0	0	0	0	0	0	0	0	0	0	0	0	0	0.109536
_D:	"N120_20140703_045000_20140703_051000"	0.201389	0.50137	0	0	0	1	0	0	0	0	0	0.327273	0	0	0	0	0	0	0	0	0	0	0	0	0	0.0382448
_D:	"N120_20140703_051000_20140703_053000"	0.215278	0.50137	0	0	0	1	0	0	0	0	0	0.321212	0	0	0	0	0	0	0	0	0	0	0	0	0	0.0512281
_D:	"N120_20140703_053000_20140703_055000"	0.229167	0.50137	0	0	0	1	0	0	0	0	0	0.330303	0	0	0	0	0	0	0	0	0	0	0	0	0	0.533984
_D:	"N120_20140703_055000_20140703_061000"	0.243056	0.50137	0	0	0	1	0	0	0	0	0	0.30303	0	0	0	0	0	0	0	0	0	0	0	0	0	0.244292
_D:	"N120_20140703_061000_20140703_063000"	0.256944	0.50137	0	0	0	1	0	0	0	0	0	0.318182	0	0	0	0	0	0	0	0	0	0	0	0	0	0.0388229
_D:	"N120_20140703_063000_20140703_065000"	0.270833	0.50137	0	0	0	1	0	0	0	0	0	0.330303	0	0	0	0	0	0	0	0	0	0	0	0	0	0.0426406
_D:	"N120_20140703_065000_20140703_071000"	0.284722	0.50137	0	0	0	1	0	0	0	0	0	0.330303	0	0	0	0	0	0	0	0	0	0	0	0	0	0.0645998
_D:	"N120_20140703_071000_20140703_073000"	0.298611	0.50137	0	0	0	1	0	0	0	0	0	0.30303	0	0	0	0	0	0	0	0	0	0	0	0	0	0.0500347
_D:	"N120_20140703_073000_20140703_075000"	0.3125	0.50137	0	0	0	1	0	0	0	0	0	0.324242	0	0	0	0	0	0	0	0	0	0	0	0	0	0.123344
_D:	"N120_20140703_075000_20140703_081000"	0.326389	0.50137	0	0	0	1	0	0	0	0	0	0.290909	0	0	0	0	0	0	0	0	0	0	0	0	0	0.321344
_D:	"N120_20140703_081000_20140703_083000"	0.340278	0.50137	0	0	0	1	0	0	0	0	0	0.309091	0	0	0	0	0	0	0	0	0	0	0	0	0	0.332677
_D:	"N120_20140703_083000_20140703_085000"	0.354167	0.50137	0	0	0	1	0	0	0	0	0	0.30303	0	0	0	0	0	0	0	0	0	0	0	0	0	0.334224
_D:	"N120_20140703_085000_20140703_091000"	0.368056	0.50137	0	0	0	1	0	0	0	0	0	0.278788	0	0	0	0	0	0	0	0	0	0	0	0	0	0.302182
_D:	"N120_20140703_091000_20140703_093000"	0.381944	0.50137	0	0	0	1	0	0	0	0	0	0.293939	0	0	0	0	0	0	0	0	0	0	0	0	0	0.0807515
_D:	"N120_20140703_093000_20140703_095000"	0.395833	0.50137	0	0	0	1	0	0	0	0	0	0.290909	0	0	0	0	0	0	0	0	0	0	0	0	0	0.373505
_D:	"N120_20140703_095000_20140703_101000"	0.409722	0.50137	0	0	0	1	0	0	0	0	0	0.324242	0	0	0	0	0	0	0	0	0	0	0	0	0	0.496276
_D:	"N120_20140703_101000_20140703_103000"	0.423611	0.50137	0	0	0	1	0	0	0	0	0	0.342424	0	0	0	0	0	0	0	0	0	0	0	0	0	0.463953
_D:	"N120_20140703_123000_20140703_125000"	0.520833	0.50137	0	0	0	1	0	0	0	0	0	0.378788	0	0	0	0	0	0	0	1	0	0	0	0	0	0.0150833
_D:	"N120_20140703_125000_20140703_131000"	0.534722	0.50137	0	0	0	1	0	0	0	0	0	0.387879	0	0	0	0	0	0	0	1	0	0	0	0	0	0.012
_D:	"N120_20140703_131000_20140703_133000"	0.548611	0.50137	0	0	0	1	0	0	0	0	0	0.354545	0	0	0	0	0	0	0	1	0	0	0	0	0	0.0170032
_D:	"N120_20140703_133000_20140703_135000"	0.5625	0.50137	0	0	0	1	0	0	0	0	0	0.348485	0	0	0	0	0	0	0	1	0	0	0	0	0	0.00863021
_D:	"N120_20140703_135000_20140703_141000"	0.576389	0.50137	0	0	0	1	0	0	0	0	0	0.381818	0	0	0	0	0	0	0	1	0	0	0	0	0	0.015625
_D:	"N120_20140703_173000_20140703_175000"	0.729167	0.50137	0	0	0	1	0	0	0	0	0	0.333333	0	0	0	0	0	0	0	1	0	0	0	0	0	0.016599
_D:	"N120_20140703_175000_20140703_181000"	0.743056	0.50137	0	0	0	1	0	0	0	0	0	0.321212	0	0	0	0	0	0	0	0	0	0	0	0	0	0.00972917
_D:	"N120_20140703_181000_20140703_183000"	0.756944	0.50137	0	0	0	1	0	0	0	0	0	0.327273	0	0	0	0	0	0	0	0	0	0	0	0	0	0.0185677
_D:	"N120_20140703_183000_20140703_185000"	0.770833	0.50137	0	0	0	1	0	0	0	0	0	0.312121	0	0	0	0	0	0	0	0	0	0	0	0	0	0.0666771
_D:	"N120_20140703_185000_20140703_191000"	0.784722	0.50137	0	0	0	1	0	0	0	0	0	0.287879	0	0	0	0	0	0	0	0	0	0	0	0	0	0.514484
_D:	"N120_20140703_191000_20140703_193000"	0.798611	0.50137	0	0	0	1	0	0	0	0	0	0.315152	0	0	0	0	0	0	0	0	0	0	0	0	0	0.211123
_D:	"N120_20140703_193000_20140703_195000"	0.8125	0.50137	0	0	0	1	0	0	0	0	0	0.312121	0	0	0	0	0	0	0	0	0	0	0	0	0	0.485557
_D:	"N120_20140703_195000_20140703_201000"	0.826389	0.50137	0	0	0	1	0	0	0	0	0	0.306061	0	0	0	0	0	0	0	0	0	0	0	0	0	0.46387
_D:	"N120_20140703_201000_20140703_203000"	0.840278	0.50137	0	0	0	1	0	0	0	0	0	0.281818	0	0	0	0	0	0	0	0	0	0	0	0	0	0.431255
_D:	"N120_20140703_203000_20140703_205000"	0.854167	0.50137	0	0	0	1	0	0	0	0	0	0.263636	0	0	0	0	0	0	0	0	0	0	0	0	0	0.547396
_D:	"N120_20140703_205000_20140703_211000"	0.868056	0.50137	0	0	0	1	0	0	0	0	0	0.3	0	0	0	0	0	0	0	0	0	0	0	0	0	0.497714
_D:	"N120_20140703_211000_20140703_213000"	0.881944	0.50137	0	0	0	1	0	0	0	0	0	0.278788	0	0	0	0	0	0	0	0	0	0	0	0	0	0.403347
_D:	"N120_20140703_213000_20140703_215000"	0.895833	0.50137	0	0	0	1	0	0	0	0	0	0.254545	0	0	0	0	0	0	0	0	0	0	0	0	0	0.351151
_D:	"N120_20140703_215000_20140703_221000"	0.909722	0.50137	0	0	0	1	0	0	0	0	0	0.260606	0	0	0	0	0	0	0	0	0	0	0	0	0	0.118662
_D:	"N120_20140703_221000_20140703_223000"	0.923611	0.50137	0	0	0	1	0	0	0	0	0	0.275758	0	0	0	0	0	0	0	0	0	0	0	0	0	0.0174635
_D:	"N120_20140703_223000_20140703_225000"	0.9375	0.50137	0	0	0	1	0	0	0	0	0	0.275758	0	0	0	0	0	0	0	0	0	0	0	0	0	0.0347917
_D:	"N120_20140703_225000_20140703_231000"	0.951389	0.50137	0	0	0	1	0	0	0	0	0	0.269697	0	0	0	0	0	0	0	0	0	0	0	0	0	0.0141667
_D:	"N120_20140703_231000_20140703_233000"	0.965278	0.50137	0	0	0	1	0	0	0	0	0	0.245455	0	0	0	0	0	0	0	0	0	0	0	0	0	0.0215729
_D:	"N120_20140703_233000_20140703_235000"	0.979167	0.50137	0	0	0	1	0	0	0	0	0	0.242424	0	0	0	0	0	0	0	0	0	0	0	0	0	0.0961094
_D:	"N120_20140703_235000_20140704_001000"	0.993056	0.50137	0	0	0	1	0	0	0	0	0	0.242424	0	0	0	0	0	0	0	0	0	0	0	0	0	0.0721979
_D:	"N120_20140704_001000_20140704_003000"	0.00694444	0.50411	0	0	0	0	1	0	0	0	0	0.245455	0	0	0	0	0	0	0	0	0	0	0	0	0	0.00846354
_D:	"N120_20140704_003000_20140704_005000"	0.0208333	0.50411	0	0	0	0	1	0	0	0	0	0.254545	0	0	0	0	0	0	0	0	0	0	0	0	0	0.0228594
_D:	"N120_20140704_005000_20140704_011000"	0.0347222	0.50411	0	0	0	0	1	0	0	0	0	0.236364	0	0	0	0	0	0	0	0	0	0	0	0	0	0.0333772
_D:	"N120_20140704_011000_20140704_013000"	0.0486111	0.50411	0	0	0	0	1	0	0	0	0	0.251515	0	0	0	0	0	0	0	0	0	0	0	0	0	0.0316667
_D:	"N120_20140704_013000_20140704_015000"	0.0625	0.50411	0	0	0	0	1	0	0	0	0	0.263636	0	0	0	0	0	0	0	0	0	0	0	0	0	0.0196823
_D:	"N120_20140704_015000_20140704_021000"	0.0763889	0.50411	0	0	0	0	1	0	0	0	0	0.260606	0	0	0	0	0	0	0	0	0	0	0	0	0	0.0228344
_D:	"N120_20140704_021000_20140704_023000"	0.0902778	0.50411	0	0	0	0	1	0	0	0	0	0.254545	0	0	0	0	0	0	0	0	0	0	0	0	0	0.00838021
_D:	"N120_20140704_023000_20140704_025000"	0.104167	0.50411	0	0	0	0	1	0	0	0	0	0.266667	0	0	0	0	0	0	0	0	0	0	0	0	0	0.0469115
_D:	"N120_20140704_025000_20140704_031000"	0.118056	0.50411	0	0	0	0	1	0	0	0	0	0.260606	0	0	0	0	0	0	0	0	0	0	0	0	0	0.224716
_D:	"N120_20140704_031000_20140704_033000"	0.131944	0.50411	0	0	0	0	1	0	0	0	0	0.248485	0	0	0	0	0	0	0	0	0	0	0	0	0	0.046411
_D:	"N120_20140704_033000_20140704_035000"	0.145833	0.50411	0	0	0	0	1	0	0	0	0	0.266667	0	0	0	0	0	0	0	0	0	0	0	0	0	0.048375
_D:	"N120_20140704_035000_20140704_041000"	0.159722	0.50411	0	0	0	0	1	0	0	0	0	0.260606	0	0	0	0	0	0	0	0	0	0	0	0	0	0.232729
_D:	"N120_20140704_041000_20140704_043000"	0.173611	0.50411	0	0	0	0	1	0	0	0	0	0.245455	0	0	0	0	0	0	0	0	0	0	0	0	0	0.306104
_D:	"N120_20140704_043000_20140704_045000"	0.1875	0.50411	0	0	0	0	1	0	0	0	0	0.251515	0	0	0	0	0	0	0	0	0	0	0	0	0	0.262259
_D:	"N120_20140704_045000_20140704_051000"	0.201389	0.50411	0	0	0	0	1	0	0	0	0	0.257576	0	0	0	0	0	0	0	1	0	0	0	0	0	0.157928
_D:	"N120_20140704_053000_20140704_055000"	0.229167	0.50411	0	0	0	0	1	0	0	0	0	0.254545	0	0	0	0	0	0	0	1	0	0	0	0	0	0.0514948
_D:	"N120_20140704_055000_20140704_061000"	0.243056	0.50411	0	0	0	0	1	0	0	0	0	0.248485	0	0	0	0	0	0	0	1	0	0	0	0	0	0.278953
_D:	"N120_20140704_061000_20140704_063000"	0.256944	0.50411	0	0	0	0	1	0	0	0	0	0.263636	0	0	0	0	0	0	0	1	0	0	0	0	0	0.483458
_D:	"N120_20140704_063000_20140704_065000"	0.270833	0.50411	0	0	0	0	1	0	0	0	0	0.269697	0	0	0	0	0	0	0	1	0	0	0	0	0	0.471208
_D:	"N120_20140704_065000_20140704_071000"	0.284722	0.50411	0	0	0	0	1	0	0	0	0	0.263636	0	0	0	0	0	0	0	1	0	0	0	0	0	0.27862
_D:	"N120_20140704_071000_20140704_073000"	0.298611	0.50411	0	0	0	0	1	0	0	0	0	0.263636	0	0	0	0	0	0	0	1	0	0	0	0	0	0.279814
_D:	"N120_20140704_073000_20140704_075000"	0.3125	0.50411	0	0	0	0	1	0	0	0	0	0.257576	0	0	0	0	0	0	0	1	0	0	0	0	0	0.129775
_D:	"N120_20140704_075000_20140704_081000"	0.326389	0.50411	0	0	0	0	1	0	0	0	0	0.257576	0	0	0	0	0	0	0	1	0	0	0	0	0	0.0378333
_D:	"N120_20140704_081000_20140704_083000"	0.340278	0.50411	0	0	0	0	1	0	0	0	0	0.263636	0	0	0	0	0	0	0	1	0	0	0	0	0	0.0392448
_D:	"N120_20140704_083000_20140704_085000"	0.354167	0.50411	0	0	0	0	1	0	0	0	0	0.266667	0	0	0	0	0	0	0	1	0	0	0	0	0	0.0268854
_D:	"N120_20140704_085000_20140704_091000"	0.368056	0.50411	0	0	0	0	1	0	0	0	0	0.266667	0	0	0	0	0	0	0	1	0	0	0	0	0	0.0401316
_D:	"N120_20140704_091000_20140704_093000"	0.381944	0.50411	0	0	0	0	1	0	0	0	0	0.266667	0	0	0	0	0	0	0	1	0	0	0	0	0	0.0439583
_D:	"N120_20140704_093000_20140704_095000"	0.395833	0.50411	0	0	0	0	1	0	0	0	0	0.269697	0	0	0	0	0	0	0	1	0	0	0	0	0	0.028474
_D:	"N120_20140704_095000_20140704_101000"	0.409722	0.50411	0	0	0	0	1	0	0	0	0	0.269697	0	0	0	0	0	0	0	1	0	0	0	0	0	0.0386771
_D:	"N120_20140704_101000_20140704_103000"	0.423611	0.50411	0	0	0	0	1	0	0	0	0	0.275758	0	0	0	0	0	0	0	1	0	0	0	0	0	0.0383698
_D:	"N120_20140704_103000_20140704_105000"	0.4375	0.50411	0	0	0	0	1	0	0	0	0	0.281818	0	0	0	0	0	0	0	1	0	0	0	0	0	0.0453385
_D:	"N120_20140704_105000_20140704_111000"	0.451389	0.50411	0	0	0	0	1	0	0	0	0	0.290909	0	0	0	0	0	0	0	1	0	0	0	0	0	0.425781
_D:	"N120_20140704_111000_20140704_113000"	0.465278	0.50411	0	0	0	0	1	0	0	0	0	0.29697	0	0	0	0	0	0	0	1	0	0	0	0	0	0.334127
_D:	"N120_20140704_113000_20140704_115000"	0.479167	0.50411	0	0	0	0	1	0	0	0	0	0.315152	0	0	0	0	0	0	0	1	0	0	0	0	0	0.0170521
_D:	"N120_20140704_115000_20140704_121000"	0.493056	0.50411	0	0	0	0	1	0	0	0	0	0.321212	0	0	0	0	0	0	0	1	0	0	0	0	0	0.0216927
_D:	"N120_20140704_121000_20140704_123000"	0.506944	0.50411	0	0	0	0	1	0	0	0	0	0.324242	0	0	0	0	0	0	0	1	0	0	0	0	0	0.0173385
_D:	"N120_20140704_123000_20140704_125000"	0.520833	0.50411	0	0	0	0	1	0	0	0	0	0.330303	0	0	0	0	0	0	0	1	0	0	0	0	0	0.0150156
_D:	"N120_20140704_125000_20140704_131000"	0.534722	0.50411	0	0	0	0	1	0	0	0	0	0.360606	0	0	1	0	0	0	0	0	0	0	0	0	0	0.0379896
_D:	"N120_20140704_131000_20140704_133000"	0.548611	0.50411	0	0	0	0	1	0	0	0	0	0.378788	0	0	1	0	0	0	0	0	0	0	0	0	0	0.00827851
_D:	"N120_20140704_133000_20140704_135000"	0.5625	0.50411	0	0	0	0	1	0	0	0	0	0.378788	0	0	1	0	0	0	0	0	0	0	0	0	0	0.0140208
_D:	"N120_20140704_135000_20140704_141000"	0.576389	0.50411	0	0	0	0	1	0	0	0	0	0.378788	0	0	1	0	0	0	0	0	0	0	0	0	0	0.0179635
_D:	"N120_20140704_141000_20140704_143000"	0.590278	0.50411	0	0	0	0	1	0	0	0	0	0.381818	0	0	1	0	0	0	0	0	0	0	0	0	0	0.00721875
_D:	"N120_20140704_143000_20140704_145000"	0.604167	0.50411	0	0	0	0	1	0	0	0	0	0.381818	0	0	1	0	0	0	0	0	0	0	0	0	0	0.0164115
_D:	"N120_20140704_145000_20140704_151000"	0.618056	0.50411	0	0	0	0	1	0	0	0	0	0.381818	0	0	1	0	0	0	0	0	0	0	0	0	0	0.0162326
_D:	"N120_20140704_151000_20140704_153000"	0.631944	0.50411	0	0	0	0	1	0	0	0	0	0.387879	0	0	1	0	0	0	0	0	0	0	0	0	0	0.00583333
_D:	"N120_20140704_153000_20140704_155000"	0.645833	0.50411	0	0	0	0	1	0	0	0	0	0.387879	0	0	1	0	0	0	0	0	0	0	0	0	0	0.016599
_D:	"N120_20140704_155000_20140704_161000"	0.659722	0.50411	0	0	0	0	1	0	0	0	0	0.384848	0	0	1	0	0	0	0	0	0	0	0	0	0	0.0140313
_D:	"N120_20140704_161000_20140704_163000"	0.673611	0.50411	0	0	0	0	1	0	0	0	0	0.378788	0	0	1	0	0	0	0	0	0	0	0	0	0	0.00933333
_D:	"N120_20140704_163000_20140704_165000"	0.6875	0.50411	0	0	0	0	1	0	0	0	0	0.375758	0	0	1	0	0	0	0	0	0	0	0	0	0	0.0164635
_D:	"N120_20140704_165000_20140704_171000"	0.701389	0.50411	0	0	0	0	1	0	0	0	0	0.372727	0	0	1	0	0	0	0	0	0	0	0	0	0	0.00844846
_D:	"N120_20140704_171000_20140704_173000"	0.715278	0.50411	0	0	0	0	1	0	0	0	0	0.366667	0	0	1	0	0	0	0	0	0	0	0	0	0	0.0428516
_D:	"N120_20140704_173000_20140704_175000"	0.729167	0.50411	0	0	0	0	1	0	0	0	0	0.360606	0	0	1	0	0	0	0	0	0	0	0	0	0	0.213635
_D:	"N120_20140704_175000_20140704_181000"	0.743056	0.50411	0	0	0	0	1	0	0	0	0	0.354545	0	0	1	0	0	0	0	0	0	0	0	0	0	0.00711075
_D:	"N120_20140704_181000_20140704_183000"	0.756944	0.50411	0	0	0	0	1	0	0	0	0	0.342424	0	0	1	0	0	0	0	0	0	0	0	0	0	0.0164115
_D:	"N120_20140704_183000_20140704_185000"	0.770833	0.50411	0	0	0	0	1	0	0	0	0	0.333333	0	0	1	0	0	0	0	0	0	0	0	0	0	0.00820833
_D:	"N120_20140704_185000_20140704_191000"	0.784722	0.50411	0	0	0	0	1	0	0	0	0	0.339394	0	0	1	0	0	0	0	0	0	0	0	0	0	0.0141979
_D:	"N120_20140704_191000_20140704_193000"	0.798611	0.50411	0	0	0	0	1	0	0	0	0	0.345455	0	0	1	0	0	0	0	0	0	0	0	0	0	0.0140208
_D:	"N120_20140704_193000_20140704_195000"	0.8125	0.50411	0	0	0	0	1	0	0	0	0	0.363636	0	0	1	0	0	0	0	0	0	0	0	0	0	0.00822917
_D:	"N120_20140704_195000_20140704_201000"	0.826389	0.50411	0	0	0	0	1	0	0	0	0	0.378788	0	0	1	0	0	0	0	0	0	0	0	0	0	0.282797
_D:	"N120_20140704_201000_20140704_203000"	0.840278	0.50411	0	0	0	0	1	0	0	0	0	0.348485	0	0	1	0	0	0	0	0	0	0	0	0	0	0.43825
_D:	"N120_20140704_203000_20140704_205000"	0.854167	0.50411	0	0	0	0	1	0	0	0	0	0.351515	0	0	1	0	0	0	0	0	0	0	0	0	0	0.191896
_D:	"N120_20140704_205000_20140704_211000"	0.868056	0.50411	0	0	0	0	1	0	0	0	0	0.363636	0	0	1	0	0	0	0	0	0	0	0	0	0	0.270556
_D:	"N120_20140704_211000_20140704_213000"	0.881944	0.50411	0	0	0	0	1	0	0	0	0	0.378788	0	0	1	0	0	0	0	0	0	0	0	0	0	0.221733
_D:	"N120_20140704_213000_20140704_215000"	0.895833	0.50411	0	0	0	0	1	0	0	0	0	0.372727	0	0	1	0	0	0	0	0	0	0	0	0	0	0.201738
_D:	"N120_20140704_215000_20140704_221000"	0.909722	0.50411	0	0	0	0	1	0	0	0	0	0.366667	0	0	1	0	0	0	0	0	0	0	0	0	0	0.579708
_D:	"N120_20140704_221000_20140704_223000"	0.923611	0.50411	0	0	0	0	1	0	0	0	0	0.378788	0	0	1	0	0	0	0	0	0	0	0	0	0	0.781214
_D:	"N120_20140704_223000_20140704_225000"	0.9375	0.50411	0	0	0	0	1	0	0	0	0	0.384848	0	0	1	0	0	0	0	0	0	0	0	0	0	0.568104
_D:	"N120_20140704_225000_20140704_231000"	0.951389	0.50411	0	0	0	0	1	0	0	0	0	0.387879	0	0	1	0	0	0	0	0	0	0	0	0	0	0.471823
_D:	"N120_20140704_231000_20140704_233000"	0.965278	0.50411	0	0	0	0	1	0	0	0	0	0.381818	0	0	1	0	0	0	0	0	0	0	0	0	0	0.627102
_D:	"N120_20140704_233000_20140704_235000"	0.979167	0.50411	0	0	0	0	1	0	0	0	0	0.375758	0	0	1	0	0	0	0	0	0	0	0	0	0	0.316068
_D:	"N120_20140704_235000_20140705_001000"	0.993056	0.50411	0	0	0	0	1	0	0	0	0	0.387879	0	0	1	0	0	0	0	0	0	0	0	0	0	0.10499
_D:	"N120_20140705_001000_20140705_003000"	0.00694444	0.506849	0	0	0	0	0	1	0	0	0	0.387879	0	0	1	0	0	0	0	0	0	0	0	0	0	0.229099
_D:	"N120_20140705_003000_20140705_005000"	0.0208333	0.506849	0	0	0	0	0	1	0	0	0	0.39697	0	0	1	0	0	0	0	0	0	0	0	0	0	0.260828
_D:	"N120_20140705_005000_20140705_011000"	0.0347222	0.506849	0	0	0	0	0	1	0	0	0	0.409091	0	0	1	0	0	0	0	0	0	0	0	0	0	0.274755
_D:	"N120_20140705_011000_20140705_013000"	0.0486111	0.506849	0	0	0	0	0	1	0	0	0	0.412121	0	0	0	0	0	0	0	1	0	0	0	0	0	0.264974
_D:	"N120_20140705_013000_20140705_015000"	0.0625	0.506849	0	0	0	0	0	1	0	0	0	0.409091	0	0	0	0	0	0	0	1	0	0	0	0	0	0.262854
_D:	"N120_20140705_015000_20140705_021000"	0.0763889	0.506849	0	0	0	0	0	1	0	0	0	0.40303	0	0	0	0	0	0	0	1	0	0	0	0	0	0.268818
_D:	"N120_20140705_021000_20140705_023000"	0.0902778	0.506849	0	0	0	0	0	1	0	0	0	0.393939	0	0	0	0	0	0	0	1	0	0	0	0	0	0.259711
_D:	"N120_20140705_023000_20140705_025000"	0.104167	0.506849	0	0	0	0	0	1	0	0	0	0.415152	0	0	0	0	0	0	0	1	0	0	0	0	0	0.0258333
_D:	"N120_20140705_025000_20140705_031000"	0.118056	0.506849	0	0	0	0	0	1	0	0	0	0.409091	0	0	0	0	0	0	0	1	0	0	0	0	0	0.0225625
_D:	"N120_20140705_031000_20140705_033000"	0.131944	0.506849	0	0	0	0	0	1	0	0	0	0.424242	0	0	0	0	0	0	0	1	0	0	0	0	0	0.0295891
_D:	"N120_20140705_033000_20140705_035000"	0.145833	0.506849	0	0	0	0	0	1	0	0	0	0.427273	0	0	0	0	0	0	0	1	0	0	0	0	0	0.0208542
_D:	"N120_20140705_035000_20140705_041000"	0.159722	0.506849	0	0	0	0	0	1	0	0	0	0.436364	0	0	0	0	0	0	0	1	0	0	0	0	0	0.0451302
_D:	"N120_20140705_041000_20140705_043000"	0.173611	0.506849	0	0	0	0	0	1	0	0	0	0.424242	0	0	0	0	0	0	0	1	0	0	0	0	0	0.0282604
_D:	"N120_20140705_043000_20140705_045000"	0.1875	0.506849	0	0	0	0	0	1	0	0	0	0.424242	0	0	0	0	0	0	0	1	0	0	0	0	0	0.0336146
_D:	"N120_20140705_045000_20140705_051000"	0.201389	0.506849	0	0	0	0	0	1	0	0	0	0.430303	0	0	0	0	0	0	0	1	0	0	0	0	0	0.0363831
_D:	"N120_20140705_051000_20140705_053000"	0.215278	0.506849	0	0	0	0	0	1	0	0	0	0.439394	0	0	0	0	0	0	0	1	0	0	0	0	0	0.176319
_D:	"N120_20140705_053000_20140705_055000"	0.229167	0.506849	0	0	0	0	0	1	0	0	0	0.439394	0	0	0	0	0	0	0	1	0	0	0	0	0	0.450719
_D:	"N120_20140705_055000_20140705_061000"	0.243056	0.506849	0	0	0	0	0	1	0	0	0	0.439394	0	0	0	0	0	0	0	1	0	0	0	0	0	0.375354
_D:	"N120_20140705_061000_20140705_063000"	0.256944	0.506849	0	0	0	0	0	1	0	0	0	0.436364	0	0	0	0	0	0	0	1	0	0	0	0	0	0.409187
_D:	"N120_20140705_063000_20140705_065000"	0.270833	0.506849	0	0	0	0	0	1	0	0	0	0.433333	0	0	0	0	0	0	0	1	0	0	0	0	0	0.524948
_D:	"N120_20140705_065000_20140705_071000"	0.284722	0.506849	0	0	0	0	0	1	0	0	0	0.433333	0	0	0	0	0	0	0	1	0	0	0	0	0	0.530394
_D:	"N120_20140705_071000_20140705_073000"	0.298611	0.506849	0	0	0	0	0	1	0	0	0	0.442424	0	0	0	0	0	0	0	1	0	0	0	0	0	0.22564
_D:	"N120_20140705_073000_20140705_075000"	0.3125	0.506849	0	0	0	0	0	1	0	0	0	0.430303	0	0	0	0	0	0	0	1	0	0	0	0	0	0.281052
_D:	"N120_20140705_075000_20140705_081000"	0.326389	0.506849	0	0	0	0	0	1	0	0	0	0.418182	0	0	0	0	0	0	0	1	0	0	0	0	0	0.238465
_D:	"N120_20140705_081000_20140705_083000"	0.340278	0.506849	0	0	0	0	0	1	0	0	0	0.427273	0	0	0	0	0	0	0	1	0	0	0	0	0	0.270604
_D:	"N120_20140705_083000_20140705_085000"	0.354167	0.506849	0	0	0	0	0	1	0	0	0	0.424242	0	0	0	0	0	0	0	1	0	0	0	0	0	0.161641
_D:	"N120_20140705_085000_20140705_091000"	0.368056	0.506849	0	0	0	0	0	1	0	0	0	0.433333	0	0	0	0	0	0	0	1	0	0	0	0	0	0.220598
_D:	"N120_20140705_091000_20140705_093000"	0.381944	0.506849	0	0	0	0	0	1	0	0	0	0.439394	0	0	0	0	0	0	0	1	0	0	0	0	0	0.177339
_D:	"N120_20140705_093000_20140705_095000"	0.395833	0.506849	0	0	0	0	0	1	0	0	0	0.463636	0	0	0	0	0	0	0	1	0	0	0	0	0	0.0487719
_D:	"N120_20140705_095000_20140705_101000"	0.409722	0.506849	0	0	0	0	0	1	0	0	0	0.457576	0	0	0	0	0	0	0	1	0	0	0	0	0	0.0603177
_D:	"N120_20140705_101000_20140705_103000"	0.423611	0.506849	0	0	0	0	0	1	0	0	0	0.409091	0	0	0	0	0	0	0	1	0	0	0	0	0	0.105115
_D:	"N120_20140705_103000_20140705_105000"	0.4375	0.506849	0	0	0	0	0	1	0	0	0	0.424242	0	0	0	0	0	0	0	1	0	0	0	0	0	0.407379
_D:	"N120_20140705_105000_20140705_111000"	0.451389	0.506849	0	0	0	0	0	1	0	0	0	0.406061	0	0	0	0	0	0	0	1	0	0	0	0	0	0.287484
_D:	"N120_20140705_111000_20140705_113000"	0.465278	0.506849	0	0	0	0	0	1	0	0	0	0.451515	0	0	0	0	0	0	0	1	0	0	0	0	0	0.0159615
_D:	"N120_20140705_113000_20140705_115000"	0.479167	0.506849	0	0	0	0	0	1	0	0	0	0.469697	0	0	0	0	0	0	0	1	0	0	0	0	0	0.0130417
_D:	"N120_20140705_115000_20140705_121000"	0.493056	0.506849	0	0	0	0	0	1	0	0	0	0.481818	0	0	0	0	0	0	0	1	0	0	0	0	0	0.0208594
_D:	"N120_20140705_121000_20140705_123000"	0.506944	0.506849	0	0	0	0	0	1	0	0	0	0.490909	0	0	0	0	0	0	0	1	0	0	0	0	0	0.013432
_D:	"N120_20140705_123000_20140705_125000"	0.520833	0.506849	0	0	0	0	0	1	0	0	0	0.49697	0	0	0	0	0	0	0	1	0	0	0	0	0	0.0130104
_D:	"N120_20140705_125000_20140705_131000"	0.534722	0.506849	0	0	0	0	0	1	0	0	0	0.506061	0	0	0	0	0	0	0	1	0	0	0	0	0	0.0197813
_D:	"N120_20140705_131000_20140705_133000"	0.548611	0.506849	0	0	0	0	0	1	0	0	0	0.50303	0	0	0	0	0	0	0	1	0	0	0	0	0	0.011776
_D:	"N120_20140705_133000_20140705_135000"	0.5625	0.506849	0	0	0	0	0	1	0	0	0	0.506061	0	0	0	0	0	0	0	1	0	0	0	0	0	0.0128125
_D:	"N120_20140705_135000_20140705_141000"	0.576389	0.506849	0	0	0	0	0	1	0	0	0	0.484848	0	0	0	0	0	0	0	1	0	0	0	0	0	0.0174583
_D:	"N120_20140705_141000_20140705_143000"	0.590278	0.506849	0	0	0	0	0	1	0	0	0	0.509091	0	0	0	0	0	0	0	1	0	0	0	0	0	0.0117448
_D:	"N120_20140705_143000_20140705_145000"	0.604167	0.506849	0	0	0	0	0	1	0	0	0	0.50303	0	0	0	0	0	0	0	1	0	0	0	0	0	0.0119375
_D:	"N120_20140705_145000_20140705_151000"	0.618056	0.506849	0	0	0	0	0	1	0	0	0	0.50303	0	0	0	0	0	0	0	1	0	0	0	0	0	0.0191612
_D:	"N120_20140705_151000_20140705_153000"	0.631944	0.506849	0	0	0	0	0	1	0	0	0	0.5	0	0	0	0	0	0	0	1	0	0	0	0	0	0.0102029
_D:	"N120_20140705_153000_20140705_155000"	0.645833	0.506849	0	0	0	0	0	1	0	0	0	0.478788	0	0	0	0	0	0	0	1	0	0	0	0	0	0.0152448
_D:	"N120_20140705_155000_20140705_161000"	0.659722	0.506849	0	0	0	0	0	1	0	0	0	0.506061	0	0	0	0	0	0	0	1	0	0	0	0	0	0.0185729
_D:	"N120_20140705_161000_20140705_163000"	0.673611	0.506849	0	0	0	0	0	1	0	0	0	0.484848	0	0	0	0	0	0	0	1	0	0	0	0	0	0.00665104
_D:	"N120_20140705_163000_20140705_165000"	0.6875	0.506849	0	0	0	0	0	1	0	0	0	0.433333	0	0	0	0	0	0	0	1	0	0	0	0	0	0.0555482
_D:	"N120_20140705_165000_20140705_171000"	0.701389	0.506849	0	0	0	0	0	1	0	0	0	0.433333	0	0	0	0	0	0	0	1	0	0	0	0	0	0.153255
_D:	"N120_20140705_171000_20140705_173000"	0.715278	0.506849	0	0	0	0	0	1	0	0	0	0.439394	0	0	0	0	0	0	0	1	0	0	0	0	0	0.00826754
_D:	"N120_20140705_173000_20140705_175000"	0.729167	0.506849	0	0	0	0	0	1	0	0	0	0.448485	0	0	0	0	0	0	0	1	0	0	0	0	0	0.0176927
_D:	"N120_20140705_175000_20140705_181000"	0.743056	0.506849	0	0	0	0	0	1	0	0	0	0.448485	0	0	0	0	0	0	0	1	0	0	0	0	0	0.014534
_D:	"N120_20140705_181000_20140705_183000"	0.756944	0.506849	0	0	0	0	0	1	0	0	0	0.439394	0	0	0	0	0	0	0	1	0	0	0	0	0	0.00877083
_D:	"N120_20140705_183000_20140705_185000"	0.770833	0.506849	0	0	0	0	0	1	0	0	0	0.442424	0	0	0	0	0	0	0	1	0	0	0	0	0	0.0162969
_D:	"N120_20140705_185000_20140705_191000"	0.784722	0.506849	0	0	0	0	0	1	0	0	0	0.439394	0	0	0	0	0	0	0	1	0	0	0	0	0	0.0136568
_D:	"N120_20140705_191000_20140705_193000"	0.798611	0.506849	0	0	0	0	0	1	0	0	0	0.436364	0	0	0	0	0	0	0	1	0	0	0	0	0	0.0586875
_D:	"N120_20140705_193000_20140705_195000"	0.8125	0.506849	0	0	0	0	0	1	0	0	0	0.430303	0	0	0	0	0	0	0	1	0	0	0	0	0	0.0349452
_D:	"N120_20140705_195000_20140705_201000"	0.826389	0.506849	0	0	0	0	0	1	0	0	0	0.430303	0	0	0	0	0	0	0	1	0	0	0	0	0	0.212453
_D:	"N120_20140705_201000_20140705_203000"	0.840278	0.506849	0	0	0	0	0	1	0	0	0	0.424242	0	0	0	0	0	0	0	1	0	0	0	0	0	0.541083
_D:	"N120_20140705_203000_20140705_205000"	0.854167	0.506849	0	0	0	0	0	1	0	0	0	0.430303	0	0	0	0	0	0	0	1	0	0	0	0	0	0.243704
_D:	"N120_20140705_205000_20140705_211000"	0.868056	0.506849	0	0	0	0	0	1	0	0	0	0.412121	0	0	0	0	0	0	0	1	0	0	0	0	0	0.296788
_D:	"N120_20140705_211000_20140705_213000"	0.881944	0.506849	0	0	0	0	0	1	0	0	0	0.430303	0	0	0	0	0	0	0	1	0	0	0	0	0	0.200625
_D:	"N120_20140705_213000_20140705_215000"	0.895833	0.506849	0	0	0	0	0	1	0	0	0	0.418182	0	0	0	0	0	0	0	1	0	0	0	0	0	0.267259
_D:	"N120_20140705_215000_20140705_221000"	0.909722	0.506849	0	0	0	0	0	1	0	0	0	0.424242	0	0	0	0	0	0	0	1	0	0	0	0	0	0.30305
_D:	"N120_20140705_221000_20140705_223000"	0.923611	0.506849	0	0	0	0	0	1	0	0	0	0.427273	0	0	0	0	0	0	0	1	0	0	0	0	0	0.111458
_D:	"N120_20140705_223000_20140705_225000"	0.9375	0.506849	0	0	0	0	0	1	0	0	0	0.430303	0	0	0	0	0	0	0	1	0	0	0	0	0	0.0458607
_D:	"N120_20140705_225000_20140705_231000"	0.951389	0.506849	0	0	0	0	0	1	0	0	0	0.427273	0	0	0	0	0	0	0	1	0	0	0	0	0	0.208206
_D:	"N120_20140705_231000_20140705_233000"	0.965278	0.506849	0	0	0	0	0	1	0	0	0	0.421212	0	0	0	0	0	0	0	1	0	0	0	0	0	0.244852
_D:	"N120_20140705_233000_20140705_235000"	0.979167	0.506849	0	0	0	0	0	1	0	0	0	0.415152	0	0	0	0	0	0	0	1	0	0	0	0	0	0.093651
_D:	"N120_20140705_235000_20140706_001000"	0.993056	0.506849	0	0	0	0	0	1	0	0	0	0.40303	0	0	0	0	0	0	0	1	0	0	0	0	0	0.316349
_D:	"N120_20140706_001000_20140706_003000"	0.00694444	0.509589	0	0	0	0	0	0	1	0	0	0.427273	0	0	0	0	0	0	0	1	0	0	0	0	0	0.278437
_D:	"N120_20140706_003000_20140706_005000"	0.0208333	0.509589	0	0	0	0	0	0	1	0	0	0.418182	0	0	0	0	0	0	0	1	0	0	0	0	0	0.262047
_D:	"N120_20140706_005000_20140706_011000"	0.0347222	0.509589	0	0	0	0	0	0	1	0	0	0.415152	0	0	0	0	0	0	0	1	0	0	0	0	0	0.0293257
_D:	"N120_20140706_011000_20140706_013000"	0.0486111	0.509589	0	0	0	0	0	0	1	0	0	0.39697	0	0	0	0	0	0	0	1	0	0	0	0	0	0.0186397
_D:	"N120_20140706_013000_20140706_015000"	0.0625	0.509589	0	0	0	0	0	0	1	0	0	0.390909	0	0	0	0	0	0	0	1	0	0	0	0	0	0.0479323
_D:	"N120_20140706_015000_20140706_021000"	0.0763889	0.509589	0	0	0	0	0	0	1	0	0	0.387879	0	0	0	0	0	0	0	1	0	0	0	0	0	0.0494627
_D:	"N120_20140706_021000_20140706_023000"	0.0902778	0.509589	0	0	0	0	0	0	1	0	0	0.393939	0	0	0	0	0	0	0	1	0	0	0	0	0	0.0217599
_D:	"N120_20140706_023000_20140706_025000"	0.104167	0.509589	0	0	0	0	0	0	1	0	0	0.409091	0	0	0	0	0	0	0	1	0	0	0	0	0	0.145958
_D:	"N120_20140706_025000_20140706_031000"	0.118056	0.509589	0	0	0	0	0	0	1	0	0	0.40303	0	0	0	0	0	0	0	1	0	0	0	0	0	0.271059
_D:	"N120_20140706_031000_20140706_033000"	0.131944	0.509589	0	0	0	0	0	0	1	0	0	0.4	0	0	0	0	0	0	0	1	0	0	0	0	0	0.161047
_D:	"N120_20140706_033000_20140706_035000"	0.145833	0.509589	0	0	0	0	0	0	1	0	0	0.390909	0	0	0	0	0	0	0	1	0	0	0	0	0	0.0942105
_D:	"N120_20140706_035000_20140706_041000"	0.159722	0.509589	0	0	0	0	0	0	1	0	0	0.387879	0	0	0	0	0	0	0	1	0	0	0	0	0	0.0853009
_D:	"N120_20140706_041000_20140706_043000"	0.173611	0.509589	0	0	0	0	0	0	1	0	0	0.360606	0	0	0	0	0	0	0	1	0	0	0	0	0	0.451562
_D:	"N120_20140706_043000_20140706_045000"	0.1875	0.509589	0	0	0	0	0	0	1	0	0	0.366667	0	0	0	0	0	0	0	1	0	0	0	0	0	0.188417
_D:	"N120_20140706_045000_20140706_051000"	0.201389	0.509589	0	0	0	0	0	0	1	0	0	0.336364	0	0	0	0	0	0	0	1	0	0	0	0	0	0.17485
_D:	"N120_20140706_051000_20140706_053000"	0.215278	0.509589	0	0	0	0	0	0	1	0	0	0.342424	0	0	0	0	0	0	0	1	0	0	0	0	0	0.329988
_D:	"N120_20140706_053000_20140706_055000"	0.229167	0.509589	0	0	0	0	0	0	1	0	0	0.333333	0	0	0	0	0	0	0	1	0	0	0	0	0	0.210688
_D:	"N120_20140706_055000_20140706_061000"	0.243056	0.509589	0	0	0	0	0	0	1	0	0	0.348485	0	0	0	0	0	0	0	1	0	0	0	0	0	0.217359
_D:	"N120_20140706_061000_20140706_063000"	0.256944	0.509589	0	0	0	0	0	0	1	0	0	0.354545	0	0	0	0	0	0	0	1	0	0	0	0	0	0.142224
_D:	"N120_20140706_063000_20140706_065000"	0.270833	0.509589	0	0	0	0	0	0	1	0	0	0.345455	0	0	0	0	0	0	0	1	0	0	0	0	0	0.133396
_D:	"N120_20140706_065000_20140706_071000"	0.284722	0.509589	0	0	0	0	0	0	1	0	0	0.345455	0	0	0	0	0	0	0	1	0	0	0	0	0	0.162911
_D:	"N120_20140706_071000_20140706_073000"	0.298611	0.509589	0	0	0	0	0	0	1	0	0	0.345455	0	0	0	0	0	0	0	1	0	0	0	0	0	0.398512
_D:	"N120_20140706_073000_20140706_075000"	0.3125	0.509589	0	0	0	0	0	0	1	0	0	0.321212	0	0	0	0	0	0	0	1	0	0	0	0	0	0.0734375
_D:	"N120_20140706_075000_20140706_081000"	0.326389	0.509589	0	0	0	0	0	0	1	0	0	0.330303	0	0	0	0	0	0	0	1	0	0	0	0	0	0.0736458
_D:	"N120_20140706_081000_20140706_083000"	0.340278	0.509589	0	0	0	0	0	0	1	0	0	0.312121	0	0	0	0	0	0	0	1	0	0	0	0	0	0.100875
_D:	"N120_20140706_083000_20140706_085000"	0.354167	0.509589	0	0	0	0	0	0	1	0	0	0.3	0	0	0	0	0	0	0	1	0	0	0	0	0	0.244825
_D:	"N120_20140706_085000_20140706_091000"	0.368056	0.509589	0	0	0	0	0	0	1	0	0	0.30303	0	0	0	0	0	0	0	1	0	0	0	0	0	0.0692215
_D:	"N120_20140706_091000_20140706_093000"	0.381944	0.509589	0	0	0	0	0	0	1	0	0	0.287879	0	0	0	0	0	0	0	1	0	0	0	0	0	0.261159
_D:	"N120_20140706_093000_20140706_095000"	0.395833	0.509589	0	0	0	0	0	0	1	0	0	0.342424	0	0	0	0	0	0	0	1	0	0	0	0	0	0.367719
_D:	"N120_20140706_095000_20140706_101000"	0.409722	0.509589	0	0	0	0	0	0	1	0	0	0.354545	0	0	0	0	0	0	0	1	0	0	0	0	0	0.260488
_D:	"N120_20140706_101000_20140706_103000"	0.423611	0.509589	0	0	0	0	0	0	1	0	0	0.378788	0	0	0	0	0	0	0	1	0	0	0	0	0	0.192667
_D:	"N120_20140706_103000_20140706_105000"	0.4375	0.509589	0	0	0	0	0	0	1	0	0	0.39697	0	0	0	0	0	0	0	1	0	0	0	0	0	0.201217
_D:	"N120_20140706_105000_20140706_111000"	0.451389	0.509589	0	0	0	0	0	0	1	0	0	0.427273	0	0	0	0	0	0	0	1	0	0	0	0	0	0.230693
_D:	"N120_20140706_111000_20140706_113000"	0.465278	0.509589	0	0	0	0	0	0	1	0	0	0.436364	0	0	0	0	0	0	0	1	0	0	0	0	0	0.191065
_D:	"N120_20140706_113000_20140706_115000"	0.479167	0.509589	0	0	0	0	0	0	1	0	0	0.460606	0	0	0	0	0	0	0	1	0	0	0	0	0	0.218542
_D:	"N120_20140706_115000_20140706_121000"	0.493056	0.509589	0	0	0	0	0	0	1	0	0	0.454545	0	0	0	0	0	0	0	1	0	0	0	0	0	0.273062
_D:	"N120_20140706_121000_20140706_123000"	0.506944	0.509589	0	0	0	0	0	0	1	0	0	0.448485	0	0	0	0	0	0	0	1	0	0	0	0	0	0.130038
_D:	"N120_20140706_123000_20140706_125000"	0.520833	0.509589	0	0	0	0	0	0	1	0	0	0.454545	0	0	0	0	0	0	0	1	0	0	0	0	0	0.113684
_D:	"N120_20140706_125000_20140706_131000"	0.534722	0.509589	0	0	0	0	0	0	1	0	0	0.463636	0	0	0	0	0	0	0	1	0	0	0	0	0	0.0217763
_D:	"N120_20140706_131000_20140706_133000"	0.548611	0.509589	0	0	0	0	0	0	1	0	0	0.460606	0	0	0	0	0	0	0	1	0	0	0	0	0	0.0126794
_D:	"N120_20140706_133000_20140706_135000"	0.5625	0.509589	0	0	0	0	0	0	1	0	0	0.478788	0	0	0	0	0	0	0	1	0	0	0	0	0	0.0131094
_D:	"N120_20140706_135000_20140706_141000"	0.576389	0.509589	0	0	0	0	0	0	1	0	0	0.481818	0	0	0	0	0	0	0	1	0	0	0	0	0	0.018651
_D:	"N120_20140706_141000_20140706_143000"	0.590278	0.509589	0	0	0	0	0	0	1	0	0	0.475758	0	0	0	0	0	0	0	1	0	0	0	0	0	0.0707566
_D:	"N120_20140706_143000_20140706_145000"	0.604167	0.509589	0	0	0	0	0	0	1	0	0	0.463636	0	0	0	0	0	0	0	1	0	0	0	0	0	0.0639115
_D:	"N120_20140706_145000_20140706_151000"	0.618056	0.509589	0	0	0	0	0	0	1	0	0	0.466667	0	0	0	0	0	0	0	1	0	0	0	0	0	0.018875
_D:	"N120_20140706_151000_20140706_153000"	0.631944	0.509589	0	0	0	0	0	0	1	0	0	0.466667	0	0	0	0	0	0	0	1	0	0	0	0	0	0.0167424
_D:	"N120_20140706_153000_20140706_155000"	0.645833	0.509589	0	0	0	0	0	0	1	0	0	0.463636	0	0	0	0	0	0	0	1	0	0	0	0	0	0.0163906
_D:	"N120_20140706_155000_20140706_161000"	0.659722	0.509589	0	0	0	0	0	0	1	0	0	0.463636	0	0	0	0	0	0	0	1	0	0	0	0	0	0.0781458
_D:	"N120_20140706_161000_20140706_163000"	0.673611	0.509589	0	0	0	0	0	0	1	0	0	0.460606	0	0	0	0	0	0	0	1	0	0	0	0	0	0.0419323
_D:	"N120_20140706_163000_20140706_165000"	0.6875	0.509589	0	0	0	0	0	0	1	0	0	0.454545	0	0	0	0	0	0	0	1	0	0	0	0	0	0.021849
_D:	"N120_20140706_171000_20140706_173000"	0.715278	0.509589	0	0	0	0	0	0	1	0	0	0.436364	0	0	0	0	0	0	0	1	0	0	0	0	0	0.131771
_D:	"N120_20140706_173000_20140706_175000"	0.729167	0.509589	0	0	0	0	0	0	1	0	0	0.433333	0	0	0	0	0	0	0	1	0	0	0	0	0	0.227047
_D:	"N120_20140706_175000_20140706_181000"	0.743056	0.509589	0	0	0	0	0	0	1	0	0	0.424242	0	0	0	0	0	0	0	1	0	0	0	0	0	0.0310469
_D:	"N120_20140706_181000_20140706_183000"	0.756944	0.509589	0	0	0	0	0	0	1	0	0	0.409091	0	0	0	0	0	0	0	1	0	0	0	0	0	0.00995833
_D:	"N120_20140706_183000_20140706_185000"	0.770833	0.509589	0	0	0	0	0	0	1	0	0	0.40303	0	0	0	0	0	0	0	1	0	0	0	0	0	0.0938281
_D:	"N120_20140706_185000_20140706_191000"	0.784722	0.509589	0	0	0	0	0	0	1	0	0	0.387879	0	0	0	0	0	0	0	1	0	0	0	0	0	0.389726
_D:	"N120_20140706_191000_20140706_193000"	0.798611	0.509589	0	0	0	0	0	0	1	0	0	0.393939	0	0	0	0	0	0	0	1	0	0	0	0	0	0.553494
_D:	"N120_20140706_193000_20140706_195000"	0.8125	0.509589	0	0	0	0	0	0	1	0	0	0.387879	0	0	0	0	0	0	0	1	0	0	0	0	0	0.587672
_D:	"N120_20140706_195000_20140706_201000"	0.826389	0.509589	0	0	0	0	0	0	1	0	0	0.387879	0	0	0	0	0	0	0	1	0	0	0	0	0	0.342417
_D:	"N120_20140706_201000_20140706_203000"	0.840278	0.509589	0	0	0	0	0	0	1	0	0	0.381818	0	0	0	0	0	0	0	1	0	0	0	0	0	0.428026
_D:	"N120_20140706_203000_20140706_205000"	0.854167	0.509589	0	0	0	0	0	0	1	0	0	0.384848	0	0	0	0	0	0	0	1	0	0	0	0	0	0.431073
_D:	"N120_20140706_205000_20140706_211000"	0.868056	0.509589	0	0	0	0	0	0	1	0	0	0.372727	0	0	0	0	0	0	0	1	0	0	0	0	0	0.366562
_D:	"N120_20140706_211000_20140706_213000"	0.881944	0.509589	0	0	0	0	0	0	1	0	0	0.360606	0	0	0	0	0	0	0	1	0	0	0	0	0	0.211804
_D:	"N120_20140706_213000_20140706_215000"	0.895833	0.509589	0	0	0	0	0	0	1	0	0	0.345455	0	0	0	0	0	0	0	1	0	0	0	0	0	0.507292
_D:	"N120_20140706_215000_20140706_221000"	0.909722	0.509589	0	0	0	0	0	0	1	0	0	0.327273	0	0	0	0	0	0	0	1	0	0	0	0	0	0.378026
_D:	"N120_20140706_221000_20140706_223000"	0.923611	0.509589	0	0	0	0	0	0	1	0	0	0.342424	0	0	0	0	0	0	0	1	0	0	0	0	0	0.0210885
_D:	"N120_20140706_223000_20140706_225000"	0.9375	0.509589	0	0	0	0	0	0	1	0	0	0.336364	0	0	0	0	0	0	0	1	0	0	0	0	0	0.0193906
_D:	"N120_20140706_225000_20140706_231000"	0.951389	0.509589	0	0	0	0	0	0	1	0	0	0.354545	0	0	0	0	0	0	0	1	0	0	0	0	0	0.0118695
_D:	"N120_20140706_231000_20140706_233000"	0.965278	0.509589	0	0	0	0	0	0	1	0	0	0.354545	0	0	0	0	0	0	0	1	0	0	0	0	0	0.0176562
_D:	"N120_20140706_233000_20140706_235000"	0.979167	0.509589	0	0	0	0	0	0	1	0	0	0.360606	0	0	0	0	0	0	0	1	0	0	0	0	0	0.114891
_D:	"N120_20140706_235000_20140707_001000"	0.993056	0.509589	0	0	0	0	0	0	1	0	0	0.372727	0	0	0	0	0	0	0	1	0	0	0	0	0	0.0591719
_D:	"N120_20140707_001000_20140707_003000"	0.00694444	0.512329	1	0	0	0	0	0	0	0	0	0.378788	0	0	0	0	0	0	0	1	0	0	0	0	0	0.0195156
_D:	"N120_20140707_003000_20140707_005000"	0.0208333	0.512329	1	0	0	0	0	0	0	0	0	0.366667	0	0	0	0	0	0	0	1	0	0	0	0	0	0.102844
_D:	"N120_20140707_005000_20140707_011000"	0.0347222	0.512329	1	0	0	0	0	0	0	0	0	0.375758	0	0	0	0	0	0	0	1	0	0	0	0	0	0.278021
_D:	"N120_20140707_011000_20140707_013000"	0.0486111	0.512329	1	0	0	0	0	0	0	0	0	0.387879	0	0	0	0	0	0	0	0	0	0	0	0	0	0.088099
_D:	"N120_20140707_013000_20140707_015000"	0.0625	0.512329	1	0	0	0	0	0	0	0	0	0.384848	0	0	0	0	0	0	0	0	0	0	0	0	0	0.073151
_D:	"N120_20140707_015000_20140707_021000"	0.0763889	0.512329	1	0	0	0	0	0	0	0	0	0.390909	0	0	0	0	0	0	0	0	0	0	0	0	0	0.0542434
_D:	"N120_20140707_021000_20140707_023000"	0.0902778	0.512329	1	0	0	0	0	0	0	0	0	0.39697	0	0	0	0	0	0	0	0	0	0	0	0	0	0.216343
_D:	"N120_20140707_025000_20140707_031000"	0.118056	0.512329	1	0	0	0	0	0	0	0	0	0.360606	0	0	0	0	0	0	0	0	0	0	0	0	0	0.197245
_D:	"N120_20140707_031000_20140707_033000"	0.131944	0.512329	1	0	0	0	0	0	0	0	0	0.345455	0	0	0	0	0	0	0	0	0	0	0	0	0	0.235604
_D:	"N120_20140707_033000_20140707_035000"	0.145833	0.512329	1	0	0	0	0	0	0	0	0	0.363636	0	0	0	0	0	0	0	0	0	0	0	0	0	0.186016
_D:	"N120_20140707_035000_20140707_041000"	0.159722	0.512329	1	0	0	0	0	0	0	0	0	0.366667	0	0	0	0	0	0	0	0	0	0	0	0	0	0.05875
_D:	"N120_20140707_041000_20140707_043000"	0.173611	0.512329	1	0	0	0	0	0	0	0	0	0.372727	0	0	0	0	0	0	0	0	0	0	0	0	0	0.134979
_D:	"N120_20140707_043000_20140707_045000"	0.1875	0.512329	1	0	0	0	0	0	0	0	0	0.369697	0	0	0	0	0	0	0	0	0	0	0	0	0	0.145193
_D:	"N120_20140707_045000_20140707_051000"	0.201389	0.512329	1	0	0	0	0	0	0	0	0	0.354545	0	0	0	0	0	0	0	0	0	0	0	0	0	0.142703
_D:	"N120_20140707_051000_20140707_053000"	0.215278	0.512329	1	0	0	0	0	0	0	0	0	0.339394	0	0	0	0	0	0	0	0	0	0	0	0	0	0.296574
_D:	"N120_20140707_053000_20140707_055000"	0.229167	0.512329	1	0	0	0	0	0	0	0	0	0.336364	0	0	0	0	0	0	0	0	0	0	0	0	0	0.441771
_D:	"N120_20140707_055000_20140707_061000"	0.243056	0.512329	1	0	0	0	0	0	0	0	0	0.324242	0	0	0	0	0	0	0	0	0	0	0	0	0	0.871193
_D:	"N120_20140707_061000_20140707_063000"	0.256944	0.512329	1	0	0	0	0	0	0	0	0	0.336364	0	0	0	0	0	0	0	0	0	0	0	0	0	0.697438
_D:	"N120_20140707_063000_20140707_065000"	0.270833	0.512329	1	0	0	0	0	0	0	0	0	0.348485	0	0	0	0	0	0	0	0	0	0	0	0	0	0.828182
_D:	"N120_20140707_065000_20140707_071000"	0.284722	0.512329	1	0	0	0	0	0	0	0	0	0.351515	0	0	0	0	0	0	0	0	0	0	0	0	0	0.412643
_D:	"N120_20140707_071000_20140707_073000"	0.298611	0.512329	1	0	0	0	0	0	0	0	0	0.345455	0	0	0	0	0	0	0	0	0	0	0	0	0	0.173354
_D:	"N120_20140707_073000_20140707_075000"	0.3125	0.512329	1	0	0	0	0	0	0	0	0	0.384848	0	0	0	0	0	0	0	0	0	0	0	0	0	0.130151
_D:	"N120_20140707_075000_20140707_081000"	0.326389	0.512329	1	0	0	0	0	0	0	0	0	0.390909	0	0	0	0	0	0	0	0	0	0	0	0	0	0.115016
_D:	"N120_20140707_081000_20140707_083000"	0.340278	0.512329	1	0	0	0	0	0	0	0	0	0.384848	0	0	0	0	0	0	0	0	0	0	0	0	0	0.182484
_D:	"N120_20140707_083000_20140707_085000"	0.354167	0.512329	1	0	0	0	0	0	0	0	0	0.384848	0	0	0	0	0	0	0	0	0	0	0	0	0	0.240115
_D:	"N120_20140707_085000_20140707_091000"	0.368056	0.512329	1	0	0	0	0	0	0	0	0	0.39697	0	0	0	0	0	0	0	0	0	0	0	0	0	0.354145
_D:	"N120_20140707_091000_20140707_093000"	0.381944	0.512329	1	0	0	0	0	0	0	0	0	0.393939	0	0	0	0	0	0	0	0	0	0	0	0	0	0.339614
_D:	"N120_20140707_093000_20140707_095000"	0.395833	0.512329	1	0	0	0	0	0	0	0	0	0.4	0	0	0	0	0	0	0	0	0	0	0	0	0	0.468026
_D:	"N120_20140707_095000_20140707_101000"	0.409722	0.512329	1	0	0	0	0	0	0	0	0	0.406061	0	0	0	0	0	0	0	0	0	0	0	0	0	0.187505
_D:	"N120_20140707_101000_20140707_103000"	0.423611	0.512329	1	0	0	0	0	0	0	0	0	0.406061	0	0	0	0	0	0	0	0	0	0	0	0	0	0.51738
_D:	"N120_20140707_103000_20140707_105000"	0.4375	0.512329	1	0	0	0	0	0	0	0	0	0.409091	0	0	0	0	0	0	0	0	0	0	0	0	0	0.412198
_D:	"N120_20140707_105000_20140707_111000"	0.451389	0.512329	1	0	0	0	0	0	0	0	0	0.384848	0	0	0	0	0	0	0	0	0	0	0	0	0	0.250469
_D:	"N120_20140707_111000_20140707_113000"	0.465278	0.512329	1	0	0	0	0	0	0	0	0	0.40303	0	0	0	0	0	0	0	0	0	0	0	0	0	0.0293914
_D:	"N120_20140707_113000_20140707_115000"	0.479167	0.512329	1	0	0	0	0	0	0	0	0	0.415152	0	0	0	0	0	0	0	0	0	0	0	0	0	0.024474
_D:	"N120_20140707_115000_20140707_121000"	0.493056	0.512329	1	0	0	0	0	0	0	0	0	0.436364	0	0	0	0	0	0	0	0	0	0	0	0	0	0.00935937
_D:	"N120_20140707_121000_20140707_123000"	0.506944	0.512329	1	0	0	0	0	0	0	0	0	0.448485	0	0	0	0	0	0	0	0	0	0	0	0	0	0.0200885
_D:	"N120_20140707_123000_20140707_125000"	0.520833	0.512329	1	0	0	0	0	0	0	0	0	0.448485	0	0	0	0	0	0	0	0	0	0	0	0	0	0.0124271
_D:	"N120_20140707_125000_20140707_131000"	0.534722	0.512329	1	0	0	0	0	0	0	0	0	0.448485	0	0	0	0	0	0	0	0	0	0	0	0	0	0.0145781
_D:	"N120_20140707_131000_20140707_133000"	0.548611	0.512329	1	0	0	0	0	0	0	0	0	0.448485	0	0	0	0	0	0	0	0	0	0	0	0	0	0.017901
_D:	"N120_20140707_133000_20140707_135000"	0.5625	0.512329	1	0	0	0	0	0	0	0	0	0.451515	0	0	0	0	0	0	0	0	0	0	0	0	0	0.0110885
_D:	"N120_20140707_135000_20140707_141000"	0.576389	0.512329	1	0	0	0	0	0	0	0	0	0.454545	0	0	0	0	0	0	0	0	0	0	0	0	0	0.0221771
_D:	"N120_20140707_141000_20140707_143000"	0.590278	0.512329	1	0	0	0	0	0	0	0	0	0.448485	0	0	0	0	0	0	0	0	0	0	0	0	0	0.00839063
_D:	"N120_20140707_143000_20140707_145000"	0.604167	0.512329	1	0	0	0	0	0	0	0	0	0.448485	0	0	0	0	0	0	0	0	0	0	0	0	0	0.167068
_D:	"N120_20140707_145000_20140707_151000"	0.618056	0.512329	1	0	0	0	0	0	0	0	0	0.460606	0	0	0	0	0	0	0	0	0	0	0	0	0	0.0173906
_D:	"N120_20140707_151000_20140707_153000"	0.631944	0.512329	1	0	0	0	0	0	0	0	0	0.457576	0	0	0	0	0	0	0	0	0	0	0	0	0	0.0118257
_D:	"N120_20140707_153000_20140707_155000"	0.645833	0.512329	1	0	0	0	0	0	0	0	0	0.448485	0	0	0	0	0	0	0	0	0	0	0	0	0	0.019401
_D:	"N120_20140707_155000_20140707_161000"	0.659722	0.512329	1	0	0	0	0	0	0	0	0	0.445455	0	0	0	0	0	0	0	0	0	0	0	0	0	0.00730729
_D:	"N120_20140707_161000_20140707_163000"	0.673611	0.512329	1	0	0	0	0	0	0	0	0	0.442424	0	0	0	0	0	0	0	0	0	0	0	0	0	0.0220938
_D:	"N120_20140707_163000_20140707_165000"	0.6875	0.512329	1	0	0	0	0	0	0	0	0	0.436364	0	0	0	0	0	0	0	0	0	0	0	0	0	0.012977
_D:	"N120_20140707_165000_20140707_171000"	0.701389	0.512329	1	0	0	0	0	0	0	0	0	0.439394	0	0	0	0	0	0	0	0	0	0	0	0	0	0.0127135
_D:	"N120_20140707_171000_20140707_173000"	0.715278	0.512329	1	0	0	0	0	0	0	0	0	0.433333	0	0	0	0	0	0	0	0	0	0	0	0	0	0.0245625
_D:	"N120_20140707_173000_20140707_175000"	0.729167	0.512329	1	0	0	0	0	0	0	0	0	0.430303	0	0	0	0	0	0	0	0	0	0	0	0	0	0.00715625
_D:	"N120_20140707_175000_20140707_181000"	0.743056	0.512329	1	0	0	0	0	0	0	0	0	0.427273	0	0	0	0	0	0	0	0	0	0	0	0	0	0.0247039
_D:	"N120_20140707_181000_20140707_183000"	0.756944	0.512329	1	0	0	0	0	0	0	0	0	0.427273	0	0	0	0	0	0	0	0	0	0	0	0	0	0.0291875
_D:	"N120_20140707_183000_20140707_185000"	0.770833	0.512329	1	0	0	0	0	0	0	0	0	0.418182	0	0	0	0	0	0	0	0	0	0	0	0	0	0.169693
_D:	"N120_20140707_185000_20140707_191000"	0.784722	0.512329	1	0	0	0	0	0	0	0	0	0.418182	0	0	0	0	0	0	0	0	0	0	0	0	0	0.404838
_D:	"N120_20140707_191000_20140707_193000"	0.798611	0.512329	1	0	0	0	0	0	0	0	0	0.415152	0	0	0	0	0	0	0	0	0	0	0	0	0	0.359774
_D:	"N120_20140707_193000_20140707_195000"	0.8125	0.512329	1	0	0	0	0	0	0	0	0	0.409091	0	0	0	0	0	0	0	0	0	0	0	0	0	0.493662
_D:	"N120_20140707_195000_20140707_201000"	0.826389	0.512329	1	0	0	0	0	0	0	0	0	0.406061	0	0	0	0	0	0	0	0	0	0	0	0	0	0.750266
_D:	"N120_20140707_201000_20140707_203000"	0.840278	0.512329	1	0	0	0	0	0	0	0	0	0.4	0	0	0	0	0	0	0	0	0	0	0	0	0	0.396109
_D:	"N120_20140707_203000_20140707_205000"	0.854167	0.512329	1	0	0	0	0	0	0	0	0	0.406061	0	0	0	0	0	0	0	0	0	0	0	0	0	0.671281
_D:	"N120_20140707_205000_20140707_211000"	0.868056	0.512329	1	0	0	0	0	0	0	0	0	0.4	0	0	0	0	0	0	0	0	0	0	0	0	0	0.595245
_D:	"N120_20140707_211000_20140707_213000"	0.881944	0.512329	1	0	0	0	0	0	0	0	0	0.40303	0	0	0	0	0	0	0	0	0	0	0	0	0	0.421884
_D:	"N120_20140707_213000_20140707_215000"	0.895833	0.512329	1	0	0	0	0	0	0	0	0	0.412121	0	0	0	0	0	0	0	0	0	0	0	0	0	0.20727
_D:	"N120_20140707_215000_20140707_221000"	0.909722	0.512329	1	0	0	0	0	0	0	0	0	0.415152	0	0	0	0	0	0	0	0	0	0	0	0	0	0.296255
_D:	"N120_20140707_221000_20140707_223000"	0.923611	0.512329	1	0	0	0	0	0	0	0	0	0.40303	0	0	0	0	0	0	0	0	0	0	0	0	0	0.445167
_D:	"N120_20140707_223000_20140707_225000"	0.9375	0.512329	1	0	0	0	0	0	0	0	0	0.39697	0	0	0	0	0	0	0	0	0	0	0	0	0	0.515437
_D:	"N120_20140707_225000_20140707_231000"	0.951389	0.512329	1	0	0	0	0	0	0	0	0	0.384848	0	0	0	0	0	0	0	0	0	0	0	0	0	0.275443
_D:	"N120_20140707_231000_20140707_233000"	0.965278	0.512329	1	0	0	0	0	0	0	0	0	0.39697	0	0	0	0	0	0	0	0	0	0	0	0	0	0.265495
_D:	"N120_20140707_233000_20140707_235000"	0.979167	0.512329	1	0	0	0	0	0	0	0	0	0.409091	0	0	0	0	0	0	0	0	0	0	0	0	0	0.267786
_D:	"N120_20140707_235000_20140708_001000"	0.993056	0.512329	1	0	0	0	0	0	0	0	0	0.406061	0	0	0	0	0	0	0	0	0	0	0	0	0	0.266705
_D:	"N120_20140708_001000_20140708_003000"	0.00694444	0.515068	0	1	0	0	0	0	0	0	0	0.40303	0	0	0	0	0	0	0	0	0	0	0	0	0	0.0294635
_D:	"N120_20140708_003000_20140708_005000"	0.0208333	0.515068	0	1	0	0	0	0	0	0	0	0.39697	0	0	0	0	0	0	0	0	0	0	0	0	0	0.024693
_D:	"N120_20140708_005000_20140708_011000"	0.0347222	0.515068	0	1	0	0	0	0	0	0	0	0.409091	0	0	0	0	0	0	0	0	0	0	0	0	0	0.0192105
_D:	"N120_20140708_011000_20140708_013000"	0.0486111	0.515068	0	1	0	0	0	0	0	0	0	0.406061	0	0	0	0	0	0	0	0	0	0	0	0	0	0.146036
_D:	"N120_20140708_013000_20140708_015000"	0.0625	0.515068	0	1	0	0	0	0	0	0	0	0.4	0	0	0	0	0	0	0	0	0	0	0	0	0	0.086875
_D:	"N120_20140708_015000_20140708_021000"	0.0763889	0.515068	0	1	0	0	0	0	0	0	0	0.40303	0	0	0	0	0	0	0	0	0	0	0	0	0	0.0156302
_D:	"N120_20140708_021000_20140708_023000"	0.0902778	0.515068	0	1	0	0	0	0	0	0	0	0.409091	0	0	0	0	0	0	0	0	0	0	0	0	0	0.121932
_D:	"N120_20140708_023000_20140708_025000"	0.104167	0.515068	0	1	0	0	0	0	0	0	0	0.412121	0	0	0	0	0	0	0	0	0	0	0	0	0	0.403188
_D:	"N120_20140708_025000_20140708_031000"	0.118056	0.515068	0	1	0	0	0	0	0	0	0	0.415152	0	0	0	0	0	0	0	0	0	0	0	0	0	0.324557
_D:	"N120_20140708_031000_20140708_033000"	0.131944	0.515068	0	1	0	0	0	0	0	0	0	0.418182	0	0	0	0	0	0	0	0	0	0	0	0	0	0.231609
_D:	"N120_20140708_033000_20140708_035000"	0.145833	0.515068	0	1	0	0	0	0	0	0	0	0.409091	0	0	0	0	0	0	0	0	0	0	0	0	0	0.195578
_D:	"N120_20140708_035000_20140708_041000"	0.159722	0.515068	0	1	0	0	0	0	0	0	0	0.409091	0	0	0	0	0	0	0	0	0	0	0	0	0	0.456776
_D:	"N120_20140708_041000_20140708_043000"	0.173611	0.515068	0	1	0	0	0	0	0	0	0	0.39697	0	0	0	0	0	0	0	0	0	0	0	0	0	0.507927
_D:	"N120_20140708_043000_20140708_045000"	0.1875	0.515068	0	1	0	0	0	0	0	0	0	0.393939	0	0	0	0	0	0	0	0	0	0	0	0	0	0.494719
_D:	"N120_20140708_045000_20140708_051000"	0.201389	0.515068	0	1	0	0	0	0	0	0	0	0.384848	0	0	0	0	0	0	0	0	0	0	0	0	0	0.559896
_D:	"N120_20140708_051000_20140708_053000"	0.215278	0.515068	0	1	0	0	0	0	0	0	0	0.381818	0	0	0	0	0	0	0	0	0	0	0	0	0	0.569068
_D:	"N120_20140708_053000_20140708_055000"	0.229167	0.515068	0	1	0	0	0	0	0	0	0	0.39697	0	0	0	0	0	0	0	0	0	0	0	0	0	0.340052
_D:	"N120_20140708_055000_20140708_061000"	0.243056	0.515068	0	1	0	0	0	0	0	0	0	0.393939	0	0	0	0	0	0	0	0	0	0	0	0	0	0.0295625
_D:	"N120_20140708_061000_20140708_063000"	0.256944	0.515068	0	1	0	0	0	0	0	0	0	0.390909	0	0	0	0	0	0	0	0	0	0	0	0	0	0.0344062
_D:	"N120_20140708_063000_20140708_065000"	0.270833	0.515068	0	1	0	0	0	0	0	0	0	0.393939	0	0	0	0	0	0	0	0	0	0	0	0	0	0.174995
_D:	"N120_20140708_065000_20140708_071000"	0.284722	0.515068	0	1	0	0	0	0	0	0	0	0.390909	0	0	0	0	0	0	0	0	0	0	0	0	0	0.060901
_D:	"N120_20140708_071000_20140708_073000"	0.298611	0.515068	0	1	0	0	0	0	0	0	0	0.393939	0	0	0	0	0	0	0	0	0	0	0	0	0	0.496955
_D:	"N120_20140708_073000_20140708_075000"	0.3125	0.515068	0	1	0	0	0	0	0	0	0	0.39697	0	0	0	0	0	0	0	0	0	0	0	0	0	0.523396
_D:	"N120_20140708_075000_20140708_081000"	0.326389	0.515068	0	1	0	0	0	0	0	0	0	0.406061	0	0	0	0	0	0	0	0	0	0	0	0	0	0.451502
_D:	"N120_20140708_081000_20140708_083000"	0.340278	0.515068	0	1	0	0	0	0	0	0	0	0.406061	0	0	0	0	0	0	0	0	0	0	0	0	0	0.537946
_D:	"N120_20140708_083000_20140708_085000"	0.354167	0.515068	0	1	0	0	0	0	0	0	0	0.40303	0	0	0	0	0	0	0	0	0	0	0	0	0	0.343213
_D:	"N120_20140708_085000_20140708_091000"	0.368056	0.515068	0	1	0	0	0	0	0	0	0	0.40303	0	0	0	0	0	0	0	0	0	0	0	0	0	0.32398
_D:	"N120_20140708_091000_20140708_093000"	0.381944	0.515068	0	1	0	0	0	0	0	0	0	0.409091	0	0	0	0	0	0	0	0	0	0	0	0	0	0.367839
_D:	"N120_20140708_093000_20140708_095000"	0.395833	0.515068	0	1	0	0	0	0	0	0	0	0.412121	0	0	0	0	0	0	0	0	0	0	0	0	0	0.284989
_D:	"N120_20140708_095000_20140708_101000"	0.409722	0.515068	0	1	0	0	0	0	0	0	0	0.409091	0	0	0	0	0	0	0	0	0	0	0	0	0	0.374039
_D:	"N120_20140708_101000_20140708_103000"	0.423611	0.515068	0	1	0	0	0	0	0	0	0	0.412121	0	0	0	0	0	0	0	0	0	0	0	0	0	0.311516
_D:	"N120_20140708_103000_20140708_105000"	0.4375	0.515068	0	1	0	0	0	0	0	0	0	0.418182	0	0	0	0	0	0	0	0	0	0	0	0	0	0.039625
_D:	"N120_20140708_105000_20140708_111000"	0.451389	0.515068	0	1	0	0	0	0	0	0	0	0.421212	0	0	0	0	0	0	0	0	0	0	0	0	0	0.0331743
_D:	"N120_20140708_111000_20140708_113000"	0.465278	0.515068	0	1	0	0	0	0	0	0	0	0.424242	0	0	0	0	0	0	0	0	0	0	0	0	0	0.0292083
_D:	"N120_20140708_113000_20140708_115000"	0.479167	0.515068	0	1	0	0	0	0	0	0	0	0.433333	0	0	0	0	0	0	0	0	0	0	0	0	0	0.0266094
_D:	"N120_20140708_115000_20140708_121000"	0.493056	0.515068	0	1	0	0	0	0	0	0	0	0.433333	0	0	0	0	0	0	0	0	0	0	0	0	0	0.0193021
_D:	"N120_20140708_121000_20140708_123000"	0.506944	0.515068	0	1	0	0	0	0	0	0	0	0.430303	0	0	0	0	0	0	0	0	0	0	0	0	0	0.0311748
_D:	"N120_20140708_123000_20140708_125000"	0.520833	0.515068	0	1	0	0	0	0	0	0	0	0.421212	0	0	0	0	0	0	0	0	0	0	0	0	0	0.0182456
_D:	"N120_20140708_125000_20140708_131000"	0.534722	0.515068	0	1	0	0	0	0	0	0	0	0.424242	0	0	0	0	0	0	0	0	0	0	0	0	0	0.0169956
_D:	"N120_20140708_131000_20140708_133000"	0.548611	0.515068	0	1	0	0	0	0	0	0	0	0.424242	0	0	0	0	0	0	0	0	0	0	0	0	0	0.0200663
_D:	"N120_20140708_133000_20140708_135000"	0.5625	0.515068	0	1	0	0	0	0	0	0	0	0.427273	0	0	0	0	0	0	0	0	0	0	0	0	0	0.0153728
_D:	"N120_20140708_135000_20140708_141000"	0.576389	0.515068	0	1	0	0	0	0	0	0	0	0.427273	0	0	0	0	0	0	0	0	0	0	0	0	0	0.0187639
_D:	"N120_20140708_141000_20140708_143000"	0.590278	0.515068	0	1	0	0	0	0	0	0	0	0.430303	0	0	0	0	0	0	0	0	0	0	0	0	0	0.0132552
_D:	"N120_20140708_143000_20140708_145000"	0.604167	0.515068	0	1	0	0	0	0	0	0	0	0.424242	0	0	0	0	0	0	0	0	0	0	0	0	0	0.092974
_D:	"N120_20140708_145000_20140708_151000"	0.618056	0.515068	0	1	0	0	0	0	0	0	0	0.424242	0	0	0	0	0	0	0	0	0	0	0	0	0	0.0970469
_D:	"N120_20140708_151000_20140708_153000"	0.631944	0.515068	0	1	0	0	0	0	0	0	0	0.424242	0	0	0	0	0	0	0	0	0	0	0	0	0	0.0220891
_D:	"N120_20140708_155000_20140708_161000"	0.659722	0.515068	0	1	0	0	0	0	0	0	0	0.424242	0	0	0	0	0	0	0	0	0	0	0	0	0	0.0171146
_D:	"N120_20140708_161000_20140708_163000"	0.673611	0.515068	0	1	0	0	0	0	0	0	0	0.424242	0	0	0	0	0	0	0	0	0	0	0	0	0	0.021901
_D:	"N120_20140708_163000_20140708_165000"	0.6875	0.515068	0	1	0	0	0	0	0	0	0	0.424242	0	0	0	0	0	0	0	0	0	0	0	0	0	0.0115365
_D:	"N120_20140708_165000_20140708_171000"	0.701389	0.515068	0	1	0	0	0	0	0	0	0	0.412121	0	0	0	0	0	0	0	0	0	0	0	0	0	0.0215729
_D:	"N120_20140708_171000_20140708_173000"	0.715278	0.515068	0	1	0	0	0	0	0	0	0	0.409091	0	0	0	0	0	0	0	0	0	0	0	0	0	0.0115406
_D:	"N120_20140708_173000_20140708_175000"	0.729167	0.515068	0	1	0	0	0	0	0	0	0	0.4	0	0	0	0	0	0	0	0	0	0	0	0	0	0.0216042
_D:	"N120_20140708_175000_20140708_181000"	0.743056	0.515068	0	1	0	0	0	0	0	0	0	0.384848	0	0	0	0	0	0	0	0	0	0	0	0	0	0.0116771
_D:	"N120_20140708_181000_20140708_183000"	0.756944	0.515068	0	1	0	0	0	0	0	0	0	0.381818	0	0	0	0	0	0	0	0	0	0	0	0	0	0.256729
_D:	"N120_20140708_183000_20140708_185000"	0.770833	0.515068	0	1	0	0	0	0	0	0	0	0.381818	0	0	0	0	0	0	0	0	0	0	0	0	0	0.53625
_D:	"N120_20140708_185000_20140708_191000"	0.784722	0.515068	0	1	0	0	0	0	0	0	0	0.384848	0	0	0	0	0	0	0	0	0	0	0	0	0	0
_D:	"N120_20140708_191000_20140708_193000"	0.798611	0.515068	0	1	0	0	0	0	0	0	0	0.387879	0	0	0	0	0	0	0	0	0	0	0	0	0	0
_D:	"N120_20140708_193000_20140708_195000"	0.8125	0.515068	0	1	0	0	0	0	0	0	0	0.387879	0	0	0	0	0	0	0	0	0	0	0	0	0	0
_D:	"N120_20140708_195000_20140708_201000"	0.826389	0.515068	0	1	0	0	0	0	0	0	0	0.384848	0	0	0	0	0	0	0	0	0	0	0	0	0	0
_D:	"N120_20140708_201000_20140708_203000"	0.840278	0.515068	0	1	0	0	0	0	0	0	0	0.384848	0	0	0	0	0	0	0	0	0	0	0	0	0	0.435778
_D:	"N120_20140708_203000_20140708_205000"	0.854167	0.515068	0	1	0	0	0	0	0	0	0	0.378788	0	0	0	0	0	0	0	0	0	0	0	0	0	0.312677
_D:	"N120_20140708_205000_20140708_211000"	0.868056	0.515068	0	1	0	0	0	0	0	0	0	0.384848	0	0	0	0	0	0	0	0	0	0	0	0	0	0.304592
_D:	"N120_20140708_211000_20140708_213000"	0.881944	0.515068	0	1	0	0	0	0	0	0	0	0.39697	0	0	0	0	0	0	0	0	0	0	0	0	0	0.103604
_D:	"N120_20140708_213000_20140708_215000"	0.895833	0.515068	0	1	0	0	0	0	0	0	0	0.406061	0	0	0	0	0	0	0	0	0	0	0	0	0	0.0598229
_D:	"N120_20140708_215000_20140708_221000"	0.909722	0.515068	0	1	0	0	0	0	0	0	0	0.406061	0	0	0	0	0	0	0	0	0	0	0	0	0	0.0518177
_D:	"N120_20140708_221000_20140708_223000"	0.923611	0.515068	0	1	0	0	0	0	0	0	0	0.412121	0	0	0	0	0	0	0	0	0	0	0	0	0	0.0538177
_D:	"N120_20140708_223000_20140708_225000"	0.9375	0.515068	0	1	0	0	0	0	0	0	0	0.418182	0	0	0	0	0	0	0	0	0	0	0	0	0	0.105017
_D:	"N120_20140708_225000_20140708_231000"	0.951389	0.515068	0	1	0	0	0	0	0	0	0	0.424242	0	0	0	0	0	0	0	0	0	0	0	0	0	0.451375
_D:	"N120_20140708_231000_20140708_233000"	0.965278	0.515068	0	1	0	0	0	0	0	0	0	0.427273	0	0	0	0	0	0	0	0	0	0	0	0	0	0.0836003
_D:	"N120_20140708_233000_20140708_235000"	0.979167	0.515068	0	1	0	0	0	0	0	0	0	0.433333	0	0	0	0	0	0	0	0	0	0	0	0	0	0.265484
_D:	"N120_20140708_235000_20140709_001000"	0.993056	0.515068	0	1	0	0	0	0	0	0	0	0.442424	0	0	0	0	0	0	0	0	0	0	0	0	0	0.140755
_D:	"N120_20140709_001000_20140709_003000"	0.00694444	0.517808	0	0	1	0	0	0	0	0	0	0.445455	0	0	0	0	0	0	0	0	0	0	0	0	0	0.0235313
_D:	"N120_20140709_003000_20140709_005000"	0.0208333	0.517808	0	0	1	0	0	0	0	0	0	0.445455	0	0	0	0	0	0	0	0	0	0	0	0	0	0.116701
_D:	"N120_20140709_005000_20140709_011000"	0.0347222	0.517808	0	0	1	0	0	0	0	0	0	0.442424	0	0	0	0	0	0	0	0	0	0	0	0	0	0.157692
_D:	"N120_20140709_011000_20140709_013000"	0.0486111	0.517808	0	0	1	0	0	0	0	0	0	0.439394	0	0	0	0	0	0	0	0	0	0	0	0	0	0.188187
_D:	"N120_20140709_013000_20140709_015000"	0.0625	0.517808	0	0	1	0	0	0	0	0	0	0.436364	0	0	0	0	0	0	0	0	0	0	0	0	0	0
_D:	"N120_20140709_015000_20140709_021000"	0.0763889	0.517808	0	0	1	0	0	0	0	0	0	0.439394	0	0	0	0	0	0	0	0	0	0	0	0	0	0.355464
_D:	"N120_20140709_021000_20140709_023000"	0.0902778	0.517808	0	0	1	0	0	0	0	0	0	0.433333	0	0	0	0	0	0	0	0	0	0	0	0	0	0.215286
_D:	"N120_20140709_023000_20140709_025000"	0.104167	0.517808	0	0	1	0	0	0	0	0	0	0.433333	0	0	0	0	0	0	0	0	0	0	0	0	0	0.0552344
_D:	"N120_20140709_025000_20140709_031000"	0.118056	0.517808	0	0	1	0	0	0	0	0	0	0.436364	0	0	0	0	0	0	0	0	0	0	0	0	0	0.0931798
_D:	"N120_20140709_031000_20140709_033000"	0.131944	0.517808	0	0	1	0	0	0	0	0	0	0.433333	0	0	0	0	0	0	0	0	0	0	0	0	0	0.075735
_D:	"N120_20140709_033000_20140709_035000"	0.145833	0.517808	0	0	1	0	0	0	0	0	0	0.439394	0	0	0	0	0	0	0	0	0	0	0	0	0	0.029724
_D:	"N120_20140709_035000_20140709_041000"	0.159722	0.517808	0	0	1	0	0	0	0	0	0	0.442424	0	0	0	0	0	0	0	0	0	0	0	0	0	0.0463385
_D:	"N120_20140709_041000_20140709_043000"	0.173611	0.517808	0	0	1	0	0	0	0	0	0	0.445455	0	0	0	0	0	0	0	0	0	0	0	0	0	0.0417448
_D:	"N120_20140709_043000_20140709_045000"	0.1875	0.517808	0	0	1	0	0	0	0	0	0	0.442424	0	0	0	0	0	0	0	0	0	0	0	0	0	0.0760365
_D:	"N120_20140709_045000_20140709_051000"	0.201389	0.517808	0	0	1	0	0	0	0	0	0	0.445455	0	0	0	0	0	0	0	0	0	0	0	0	0	0.0731198
_D:	"N120_20140709_051000_20140709_053000"	0.215278	0.517808	0	0	1	0	0	0	0	0	0	0.448485	0	0	0	0	0	0	0	0	0	0	0	0	0	0.130354
_D:	"N120_20140709_053000_20140709_055000"	0.229167	0.517808	0	0	1	0	0	0	0	0	0	0.439394	0	0	0	0	0	0	0	0	0	0	0	0	0	0.10875
_D:	"N120_20140709_055000_20140709_061000"	0.243056	0.517808	0	0	1	0	0	0	0	0	0	0.433333	0	0	0	0	0	0	0	0	0	0	0	0	0	0.065151
_D:	"N120_20140709_061000_20140709_063000"	0.256944	0.517808	0	0	1	0	0	0	0	0	0	0.436364	0	0	0	0	0	0	0	0	0	0	0	0	0	0.0405208
_D:	"N120_20140709_063000_20140709_065000"	0.270833	0.517808	0	0	1	0	0	0	0	0	0	0.439394	0	0	0	0	0	0	0	0	0	0	0	0	0	0.0391667
_D:	"N120_20140709_065000_20140709_071000"	0.284722	0.517808	0	0	1	0	0	0	0	0	0	0.439394	0	0	0	0	0	0	0	0	0	0	0	0	0	0.0326806
_D:	"N120_20140709_071000_20140709_073000"	0.298611	0.517808	0	0	1	0	0	0	0	0	0	0.442424	0	0	0	0	0	0	0	0	0	0	0	0	0	0.35251
_D:	"N120_20140709_073000_20140709_075000"	0.3125	0.517808	0	0	1	0	0	0	0	0	0	0.436364	0	0	0	0	0	0	0	0	0	0	0	0	0	0.273975
_D:	"N120_20140709_075000_20140709_081000"	0.326389	0.517808	0	0	1	0	0	0	0	0	0	0.433333	0	0	0	0	0	0	0	0	0	0	0	0	0	0.39062
_D:	"N120_20140709_081000_20140709_083000"	0.340278	0.517808	0	0	1	0	0	0	0	0	0	0.442424	0	0	0	0	0	0	0	0	0	0	0	0	0	0.185984
_D:	"N120_20140709_083000_20140709_085000"	0.354167	0.517808	0	0	1	0	0	0	0	0	0	0.433333	0	0	0	0	0	0	0	0	0	0	0	0	0	0.16849
_D:	"N120_20140709_085000_20140709_091000"	0.368056	0.517808	0	0	1	0	0	0	0	0	0	0.436364	0	0	0	0	0	0	0	0	0	0	0	0	0	0.190466
_D:	"N120_20140709_091000_20140709_093000"	0.381944	0.517808	0	0	1	0	0	0	0	0	0	0.439394	0	0	0	0	0	0	0	0	0	0	0	0	0	0.191484
_D:	"N120_20140709_093000_20140709_095000"	0.395833	0.517808	0	0	1	0	0	0	0	0	0	0.439394	0	0	0	0	0	0	0	0	0	0	0	0	0	0.256339
_D:	"N120_20140709_095000_20140709_101000"	0.409722	0.517808	0	0	1	0	0	0	0	0	0	0.427273	0	0	0	0	0	0	0	0	0	0	0	0	0	0.301297
_D:	"N120_20140709_101000_20140709_103000"	0.423611	0.517808	0	0	1	0	0	0	0	0	0	0.433333	0	0	0	0	0	0	0	0	0	0	0	0	0	0.307635
_D:	"N120_20140709_103000_20140709_105000"	0.4375	0.517808	0	0	1	0	0	0	0	0	0	0.418182	0	0	0	0	0	0	0	0	0	0	0	0	0	0.178583
_D:	"N120_20140709_105000_20140709_111000"	0.451389	0.517808	0	0	1	0	0	0	0	0	0	0.448485	0	0	0	0	0	0	0	0	0	0	0	0	0	0.171609
_D:	"N120_20140709_111000_20140709_113000"	0.465278	0.517808	0	0	1	0	0	0	0	0	0	0.457576	0	0	0	0	0	0	0	0	0	0	0	0	0	0.17222
_D:	"N120_20140709_113000_20140709_115000"	0.479167	0.517808	0	0	1	0	0	0	0	0	0	0.460606	0	0	0	0	0	0	0	0	0	0	0	0	0	0.167479
_D:	"N120_20140709_115000_20140709_121000"	0.493056	0.517808	0	0	1	0	0	0	0	0	0	0.466667	0	0	0	0	0	0	0	0	0	0	0	0	0	0.294073
_D:	"N120_20140709_121000_20140709_123000"	0.506944	0.517808	0	0	1	0	0	0	0	0	0	0.460606	0	0	0	0	0	0	0	0	0	0	0	0	0	0.0253021
_D:	"N120_20140709_123000_20140709_125000"	0.520833	0.517808	0	0	1	0	0	0	0	0	0	0.439394	0	0	0	0	0	0	0	0	0	0	0	0	0	0.0147865
_D:	"N120_20140709_125000_20140709_131000"	0.534722	0.517808	0	0	1	0	0	0	0	0	0	0.430303	0	0	0	0	0	0	0	0	0	0	0	0	0	0.0178067
_D:	"N120_20140709_131000_20140709_133000"	0.548611	0.517808	0	0	1	0	0	0	0	0	0	0.436364	0	0	0	0	0	0	0	0	0	0	0	0	0	0.00751157
_D:	"N120_20140709_133000_20140709_135000"	0.5625	0.517808	0	0	1	0	0	0	0	0	0	0.418182	0	0	0	0	0	0	0	0	0	0	0	0	0	0.0191198
_D:	"N120_20140709_135000_20140709_141000"	0.576389	0.517808	0	0	1	0	0	0	0	0	0	0.406061	0	0	0	0	0	0	0	0	0	0	0	0	0	0.0150417
_D:	"N120_20140709_141000_20140709_143000"	0.590278	0.517808	0	0	1	0	0	0	0	0	0	0.421212	0	0	0	0	0	0	0	0	0	0	0	0	0	0.0115885
_D:	"N120_20140709_143000_20140709_145000"	0.604167	0.517808	0	0	1	0	0	0	0	0	0	0.421212	0	0	0	0	0	0	0	0	0	0	0	0	0	0.0205339
_D:	"N120_20140709_145000_20140709_151000"	0.618056	0.517808	0	0	1	0	0	0	0	0	0	0.433333	0	0	0	0	0	0	0	0	0	0	0	0	0	0
_D:	"N120_20140709_151000_20140709_153000"	0.631944	0.517808	0	0	1	0	0	0	0	0	0	0.439394	0	0	0	0	0	0	0	0	0	0	0	0	0	0
_D:	"N120_20140709_153000_20140709_155000"	0.645833	0.517808	0	0	1	0	0	0	0	0	0	0.454545	0	0	0	0	0	0	0	0	0	0	0	0	0	0
_D:	"N120_20140709_155000_20140709_161000"	0.659722	0.517808	0	0	1	0	0	0	0	0	0	0.457576	0	0	0	0	0	0	0	0	0	0	0	0	0	0
_D:	"N120_20140709_161000_20140709_163000"	0.673611	0.517808	0	0	1	0	0	0	0	0	0	0.457576	0	0	0	0	0	0	0	0	0	0	0	0	0	0
_D:	"N120_20140709_163000_20140709_165000"	0.6875	0.517808	0	0	1	0	0	0	0	0	0	0.451515	0	0	0	0	0	0	0	0	0	0	0	0	0	0.0297454
_D:	"N120_20140709_165000_20140709_171000"	0.701389	0.517808	0	0	1	0	0	0	0	0	0	0.451515	0	0	0	0	0	0	0	0	0	0	0	0	0	0.01325
_D:	"N120_20140709_171000_20140709_173000"	0.715278	0.517808	0	0	1	0	0	0	0	0	0	0.448485	0	0	0	0	0	0	0	0	0	0	0	0	0	0.201974
_D:	"N120_20140709_173000_20140709_175000"	0.729167	0.517808	0	0	1	0	0	0	0	0	0	0.451515	0	0	0	0	0	0	0	0	0	0	0	0	0	0.0210156
_D:	"N120_20140709_175000_20140709_181000"	0.743056	0.517808	0	0	1	0	0	0	0	0	0	0.451515	0	0	0	0	0	0	0	0	0	0	0	0	0	0.0112604
_D:	"N120_20140709_181000_20140709_183000"	0.756944	0.517808	0	0	1	0	0	0	0	0	0	0.442424	0	0	0	0	0	0	0	0	0	0	0	0	0	0.0200625
_D:	"N120_20140709_183000_20140709_185000"	0.770833	0.517808	0	0	1	0	0	0	0	0	0	0.436364	0	0	0	0	0	0	0	0	0	0	0	0	0	0.241128
_D:	"N120_20140709_185000_20140709_191000"	0.784722	0.517808	0	0	1	0	0	0	0	0	0	0.436364	0	0	0	0	0	0	0	0	0	0	0	0	0	0.340851
_D:	"N120_20140709_191000_20140709_193000"	0.798611	0.517808	0	0	1	0	0	0	0	0	0	0.430303	0	0	0	0	0	0	0	0	0	0	0	0	0	0.227339
_D:	"N120_20140709_193000_20140709_195000"	0.8125	0.517808	0	0	1	0	0	0	0	0	0	0.430303	0	0	0	0	0	0	0	0	0	0	0	0	0	0.238312
_D:	"N120_20140709_195000_20140709_201000"	0.826389	0.517808	0	0	1	0	0	0	0	0	0	0.448485	0	0	0	0	0	0	0	0	0	0	0	0	0	0.279073
_D:	"N120_20140709_201000_20140709_203000"	0.840278	0.517808	0	0	1	0	0	0	0	0	0	0.448485	0	0	0	0	0	0	0	0	0	0	0	0	0	0.154693
_D:	"N120_20140709_203000_20140709_205000"	0.854167	0.517808	0	0	1	0	0	0	0	0	0	0.457576	0	0	0	0	0	0	0	0	0	0	0	0	0	0.167656
_D:	"N120_20140709_205000_20140709_211000"	0.868056	0.517808	0	0	1	0	0	0	0	0	0	0.448485	0	0	0	0	0	0	0	0	0	0	0	0	0	0.51016
_D:	"N120_20140709_211000_20140709_213000"	0.881944	0.517808	0	0	1	0	0	0	0	0	0	0.457576	0	0	0	0	0	0	0	0	0	0	0	0	0	0.390979
_D:	"N120_20140709_213000_20140709_215000"	0.895833	0.517808	0	0	1	0	0	0	0	0	0	0.454545	0	0	0	0	0	0	0	0	0	0	0	0	0	0.262578
_D:	"N120_20140709_215000_20140709_221000"	0.909722	0.517808	0	0	1	0	0	0	0	0	0	0.445455	0	0	0	0	0	0	0	0	0	0	0	0	0	0.227443
_D:	"N120_20140709_221000_20140709_223000"	0.923611	0.517808	0	0	1	0	0	0	0	0	0	0.451515	0	0	0	0	0	0	0	0	0	0	0	0	0	0.15476
_D:	"N120_20140709_223000_20140709_225000"	0.9375	0.517808	0	0	1	0	0	0	0	0	0	0.451515	0	0	0	0	0	0	0	0	0	0	0	0	0	0.130868
_D:	"N120_20140709_225000_20140709_231000"	0.951389	0.517808	0	0	1	0	0	0	0	0	0	0.448485	0	0	0	0	0	0	0	0	0	0	0	0	0	0.424761
_D:	"N120_20140709_231000_20140709_233000"	0.965278	0.517808	0	0	1	0	0	0	0	0	0	0.436364	0	0	0	0	0	0	0	0	0	0	0	0	0	0.479094
_D:	"N120_20140709_233000_20140709_235000"	0.979167	0.517808	0	0	1	0	0	0	0	0	0	0.451515	0	0	0	0	0	0	0	0	0	0	0	0	0	0.536599
_D:	"N120_20140709_235000_20140710_001000"	0.993056	0.517808	0	0	1	0	0	0	0	0	0	0.454545	0	0	0	0	0	0	0	0	0	0	0	0	0	0.472802
